 # wave  galcen local
 1.240 2.724 2.724
 1.340 2.315 2.315
 1.440 2.002 2.002
 1.540 1.759 1.759
 1.640 1.565 1.565
 1.740 1.408 1.408
 1.840 1.279 1.279
 1.940 1.171 1.171
 2.040 1.081 1.081
 2.140 1.004 1.004
 2.240 0.938 0.938
 2.340 0.881 0.881
 2.440 0.832 0.832
 2.540 0.788 0.788
 2.640 0.750 0.750
 2.740 0.716 0.716
 2.840 0.686 0.686
 2.940 0.659 0.659
 3.040 0.634 0.634
 3.140 0.613 0.613
 3.240 0.593 0.593
 3.340 0.575 0.575
 3.440 0.558 0.558
 3.540 0.544 0.544
 3.640 0.530 0.530
 3.740 0.517 0.517
 3.840 0.506 0.506
 3.940 0.496 0.496
 4.040 0.486 0.486
 4.140 0.477 0.477
 4.240 0.469 0.469
 4.340 0.461 0.461
 4.440 0.454 0.454
 4.540 0.447 0.447
 4.640 0.441 0.441
 4.740 0.436 0.436
 4.840 0.431 0.431
 4.940 0.426 0.426
 5.040 0.421 0.421
 5.140 0.417 0.417
 5.240 0.413 0.413
 5.340 0.410 0.410
 5.440 0.406 0.406
 5.540 0.403 0.403
 5.640 0.400 0.400
 5.740 0.398 0.398
 5.840 0.395 0.395
 5.940 0.393 0.393
 6.040 0.391 0.391
 6.140 0.389 0.389
 6.240 0.387 0.387
 6.340 0.386 0.386
 6.440 0.384 0.384
 6.540 0.383 0.383
 6.640 0.382 0.382
 6.740 0.381 0.381
 6.840 0.380 0.380
 6.940 0.379 0.379
 7.040 0.378 0.378
 7.140 0.378 0.378
 7.240 0.377 0.377
 7.340 0.377 0.377
 7.440 0.376 0.376
 7.540 0.376 0.376
 7.640 0.376 0.376
 7.740 0.376 0.376
 7.840 0.376 0.376
 7.940 0.376 0.376
 8.100 0.413 0.407
 8.200 0.447 0.428
 8.300 0.494 0.450
 8.400 0.552 0.475
 8.500 0.622 0.506
 8.600 0.699 0.542
 8.700 0.776 0.582
 8.800 0.848 0.622
 8.900 0.909 0.663
 9.000 0.972 0.707
 9.100 1.058 0.757
 9.200 1.166 0.814
 9.300 1.253 0.872
 9.400 1.317 0.917
 9.500 1.366 0.946
 9.600 1.391 0.972
 9.700 1.385 0.996
 9.800 1.354 1.006
 9.900 1.327 1.000
10.000 1.305 0.983
10.100 1.274 0.961
10.200 1.228 0.938
10.300 1.176 0.914
10.400 1.126 0.889
10.500 1.084 0.865
10.600 1.049 0.843
10.700 1.017 0.823
10.800 0.987 0.805
10.900 0.954 0.788
11.000 0.917 0.771
11.100 0.877 0.754
11.200 0.835 0.737
11.300 0.793 0.718
11.400 0.754 0.699
11.500 0.717 0.680
11.600 0.682 0.663
11.700 0.649 0.647
11.800 0.616 0.633
11.900 0.584 0.620
12.000 0.552 0.609
12.100 0.522 0.598
12.200 0.496 0.586
12.300 0.474 0.575
12.400 0.458 0.564
12.500 0.447 0.555
12.600 0.441 0.547
12.700 0.438 0.540
12.800 0.435 0.536
12.900 0.433 0.533
13.000 0.431 0.530
13.100 0.429 0.529
13.200 0.427 0.528
13.300 0.425 0.527
13.400 0.424 0.528
13.500 0.424 0.528
13.600 0.424 0.529
13.700 0.424 0.530
13.800 0.424 0.532
13.900 0.425 0.534
14.000 0.426 0.536
14.100 0.427 0.539
14.200 0.428 0.541
14.300 0.430 0.544
14.400 0.432 0.546
14.500 0.434 0.549
14.600 0.438 0.552
14.700 0.443 0.555
14.800 0.450 0.558
14.900 0.458 0.561
15.000 0.467 0.564
15.100 0.477 0.568
15.200 0.488 0.571
15.300 0.500 0.575
15.400 0.512 0.578
15.500 0.525 0.582
15.600 0.538 0.585
15.700 0.551 0.589
15.800 0.565 0.593
15.900 0.578 0.596
16.000 0.590 0.600
16.100 0.603 0.604
16.200 0.615 0.608
16.300 0.626 0.612
16.400 0.638 0.616
16.500 0.648 0.620
16.600 0.659 0.625
16.700 0.669 0.629
16.800 0.678 0.633
16.900 0.687 0.637
17.000 0.695 0.642
17.100 0.703 0.646
17.200 0.710 0.650
17.300 0.717 0.655
17.400 0.724 0.659
17.500 0.730 0.663
17.600 0.736 0.668
17.700 0.741 0.672
17.800 0.746 0.676
17.900 0.750 0.680
18.000 0.754 0.683
18.100 0.757 0.687
18.200 0.760 0.690
18.300 0.762 0.693
18.400 0.763 0.695
18.500 0.763 0.698
18.600 0.763 0.699
18.700 0.762 0.701
18.800 0.760 0.702
18.900 0.758 0.703
19.000 0.756 0.703
19.100 0.753 0.703
19.200 0.749 0.702
19.300 0.745 0.701
19.400 0.741 0.700
19.500 0.736 0.699
19.600 0.732 0.697
19.700 0.727 0.695
19.800 0.722 0.693
19.900 0.717 0.690
20.000 0.712 0.688
20.100 0.707 0.685
20.200 0.702 0.681
20.300 0.698 0.678
20.400 0.693 0.674
20.500 0.689 0.671
20.600 0.686 0.667
20.700 0.682 0.663
20.800 0.679 0.659
20.900 0.676 0.655
21.000 0.673 0.650
21.100 0.670 0.646
21.200 0.667 0.642
21.300 0.664 0.638
21.400 0.661 0.633
21.500 0.658 0.629
21.600 0.656 0.625
21.700 0.653 0.621
21.800 0.650 0.617
21.900 0.648 0.613
22.000 0.645 0.609
22.100 0.642 0.605
22.200 0.640 0.602
22.300 0.637 0.598
22.400 0.635 0.594
22.500 0.632 0.590
22.600 0.630 0.587
22.700 0.627 0.583
22.800 0.625 0.580
22.900 0.623 0.576
23.000 0.621 0.573
23.100 0.619 0.569
23.200 0.617 0.566
23.300 0.615 0.562
23.400 0.613 0.559
23.500 0.611 0.555
23.600 0.609 0.552
23.700 0.607 0.548
23.800 0.605 0.545
23.900 0.603 0.542
24.000 0.601 0.538
24.100 0.599 0.535
24.200 0.597 0.532
24.300 0.595 0.529
24.400 0.593 0.525
24.500 0.591 0.522
24.600 0.589 0.519
24.700 0.587 0.516
24.800 0.585 0.513
24.900 0.583 0.510
25.000 0.581 0.507
25.100 0.579 0.504
25.200 0.577 0.501
25.300 0.575 0.498
25.400 0.573 0.495
25.500 0.571 0.492
25.600 0.568 0.489
25.700 0.566 0.487
25.800 0.564 0.484
25.900 0.562 0.481
26.000 0.560 0.478
26.100 0.558 0.476
26.200 0.556 0.473
26.300 0.553 0.470
26.400 0.551 0.468
26.500 0.549 0.465
26.600 0.547 0.462
26.700 0.545 0.460
26.800 0.543 0.457
26.900 0.540 0.455
27.000 0.538 0.452
