# DUSTEM extinction cross-section for NH=10^21 H/cm2 : sigma (x 1e-21) [cm2/H]
#
# Grain types
# nr of grain types - nr of lambda
# lambda (microns)   ABS(1) ... ABS(ntype)  SCA(1) ... SCA(ntype)  EXT(Total)
#
# PAH0_DBP90 VSG_DBP90 BG_DBP90
 3   800
  9.181700E-002  1.625214E+000  1.903402E-001  4.713749E-001  0.000000E+000  0.000000E+000  6.146585E-001  2.901588E+000
  9.332500E-002  1.506414E+000  1.876495E-001  4.712813E-001  0.000000E+000  0.000000E+000  6.142322E-001  2.779577E+000
  9.485800E-002  1.395404E+000  1.850264E-001  4.711892E-001  0.000000E+000  0.000000E+000  6.138328E-001  2.665453E+000
  9.641600E-002  1.291740E+000  1.824686E-001  4.710986E-001  0.000000E+000  0.000000E+000  6.134586E-001  2.558766E+000
  9.799900E-002  1.195009E+000  1.799777E-001  4.710094E-001  0.000000E+000  0.000000E+000  6.131080E-001  2.459104E+000
  9.960900E-002  1.104823E+000  1.775544E-001  4.709217E-001  0.000000E+000  0.000000E+000  6.127795E-001  2.366079E+000
  1.012500E-001  1.020816E+000  1.752004E-001  4.707770E-001  0.000000E+000  0.000000E+000  6.121670E-001  2.278961E+000
  1.029100E-001  9.426393E-001  1.729168E-001  4.703371E-001  0.000000E+000  0.000000E+000  6.100832E-001  2.195976E+000
  1.046000E-001  8.699551E-001  1.707036E-001  4.699044E-001  0.000000E+000  0.000000E+000  6.081313E-001  2.118694E+000
  1.063200E-001  8.024447E-001  1.685641E-001  4.694784E-001  0.000000E+000  0.000000E+000  6.063022E-001  2.046789E+000
  1.080600E-001  7.398183E-001  1.664991E-001  4.690595E-001  0.000000E+000  0.000000E+000  6.045885E-001  1.979965E+000
  1.098400E-001  6.817965E-001  1.645140E-001  4.686473E-001  0.000000E+000  0.000000E+000  6.029827E-001  1.917940E+000
  1.116400E-001  6.281022E-001  1.626082E-001  4.682416E-001  0.000000E+000  0.000000E+000  6.014784E-001  1.860430E+000
  1.134800E-001  5.784969E-001  1.607868E-001  4.678426E-001  0.000000E+000  0.000000E+000  6.000689E-001  1.807195E+000
  1.153400E-001  5.327245E-001  1.590526E-001  4.674413E-001  0.000000E+000  0.000000E+000  5.987016E-001  1.757920E+000
  1.172300E-001  4.905694E-001  1.574100E-001  4.665527E-001  0.000000E+000  0.000000E+000  5.949057E-001  1.709438E+000
  1.191600E-001  4.518175E-001  1.558640E-001  4.656787E-001  0.000000E+000  0.000000E+000  5.913496E-001  1.664710E+000
  1.211200E-001  4.162526E-001  1.544199E-001  4.648185E-001  0.000000E+000  0.000000E+000  5.880182E-001  1.623509E+000
  1.231100E-001  3.836993E-001  1.530842E-001  4.639729E-001  0.000000E+000  0.000000E+000  5.848970E-001  1.585653E+000
  1.251300E-001  3.539677E-001  1.518644E-001  4.631404E-001  0.000000E+000  0.000000E+000  5.819724E-001  1.550945E+000
  1.271800E-001  3.268881E-001  1.507694E-001  4.623214E-001  0.000000E+000  0.000000E+000  5.792330E-001  1.519212E+000
  1.292700E-001  3.022973E-001  1.498087E-001  4.615157E-001  0.000000E+000  0.000000E+000  5.766659E-001  1.490287E+000
  1.314000E-001  2.800421E-001  1.489940E-001  4.607232E-001  0.000000E+000  0.000000E+000  5.742609E-001  1.464020E+000
  1.335600E-001  2.599762E-001  1.483382E-001  4.595254E-001  0.000000E+000  0.000000E+000  5.698716E-001  1.437711E+000
  1.357500E-001  2.419635E-001  1.478582E-001  4.582876E-001  0.000000E+000  0.000000E+000  5.654607E-001  1.413570E+000
  1.379800E-001  2.258739E-001  1.475706E-001  4.570692E-001  0.000000E+000  0.000000E+000  5.613291E-001  1.391843E+000
  1.402500E-001  2.115841E-001  1.474982E-001  4.558711E-001  0.000000E+000  0.000000E+000  5.574571E-001  1.372410E+000
  1.425500E-001  1.989786E-001  1.476650E-001  4.546917E-001  0.000000E+000  0.000000E+000  5.538294E-001  1.355165E+000
  1.448900E-001  1.879501E-001  1.481020E-001  4.535319E-001  0.000000E+000  0.000000E+000  5.504308E-001  1.340015E+000
  1.472700E-001  1.783915E-001  1.488435E-001  4.523907E-001  0.000000E+000  0.000000E+000  5.472461E-001  1.326872E+000
  1.496900E-001  1.702078E-001  1.499334E-001  4.512676E-001  0.000000E+000  0.000000E+000  5.442630E-001  1.315672E+000
  1.521500E-001  1.633074E-001  1.514201E-001  4.498271E-001  0.000000E+000  0.000000E+000  5.397449E-001  1.304300E+000
  1.546500E-001  1.576010E-001  1.533668E-001  4.482861E-001  0.000000E+000  0.000000E+000  5.348883E-001  1.294142E+000
  1.571900E-001  1.530088E-001  1.558456E-001  4.467696E-001  0.000000E+000  0.000000E+000  5.303410E-001  1.285965E+000
  1.597700E-001  1.494529E-001  1.589468E-001  4.452776E-001  0.000000E+000  0.000000E+000  5.260793E-001  1.279757E+000
  1.623900E-001  1.468610E-001  1.627785E-001  4.438098E-001  0.000000E+000  0.000000E+000  5.220866E-001  1.275536E+000
  1.650600E-001  1.451623E-001  1.674764E-001  4.423655E-001  0.000000E+000  0.000000E+000  5.183458E-001  1.273350E+000
  1.677700E-001  1.442935E-001  1.732046E-001  4.409444E-001  0.000000E+000  0.000000E+000  5.148415E-001  1.273284E+000
  1.705300E-001  1.441431E-001  1.801659E-001  4.395471E-001  0.000000E+000  0.000000E+000  5.115574E-001  1.275413E+000
  1.733300E-001  1.441380E-001  1.886154E-001  4.379008E-001  0.000000E+000  0.000000E+000  5.070829E-001  1.277737E+000
  1.761800E-001  1.441320E-001  1.988643E-001  4.360883E-001  0.000000E+000  0.000000E+000  5.019261E-001  1.281011E+000
  1.790700E-001  1.441242E-001  2.112991E-001  4.343056E-001  0.000000E+000  0.000000E+000  4.970963E-001  1.286825E+000
  1.820100E-001  1.441173E-001  2.263863E-001  4.325513E-001  0.000000E+000  0.000000E+000  4.925695E-001  1.295624E+000
  1.850000E-001  1.441087E-001  2.446993E-001  4.308258E-001  0.000000E+000  0.000000E+000  4.883293E-001  1.307963E+000
  1.880400E-001  1.440983E-001  2.668865E-001  4.291282E-001  0.000000E+000  0.000000E+000  4.843557E-001  1.324469E+000
  1.911300E-001  1.440864E-001  2.936582E-001  4.274579E-001  0.000000E+000  0.000000E+000  4.806331E-001  1.345836E+000
  1.942700E-001  1.440735E-001  3.256739E-001  4.258143E-001  0.000000E+000  0.000000E+000  4.771455E-001  1.372707E+000
  1.974600E-001  1.440575E-001  3.633411E-001  4.239564E-001  0.000000E+000  0.000000E+000  4.726287E-001  1.403984E+000
  2.007000E-001  1.440403E-001  4.063994E-001  4.218208E-001  0.000000E+000  0.000000E+000  4.668450E-001  1.439105E+000
  2.040000E-001  1.440190E-001  4.532802E-001  4.197194E-001  0.000000E+000  0.000000E+000  4.614296E-001  1.478448E+000
  2.073500E-001  1.439941E-001  5.004065E-001  4.176519E-001  0.000000E+000  0.000000E+000  4.563549E-001  1.518407E+000
  2.107600E-001  1.439642E-001  5.417515E-001  4.156180E-001  0.000000E+000  0.000000E+000  4.515997E-001  1.552933E+000
  2.142200E-001  1.439279E-001  5.697531E-001  4.136168E-001  0.000000E+000  0.000000E+000  4.471448E-001  1.574443E+000
  2.177400E-001  1.438838E-001  5.778131E-001  4.116485E-001  0.000000E+000  0.000000E+000  4.429713E-001  1.576317E+000
  2.213100E-001  1.438303E-001  5.635961E-001  4.097113E-001  0.000000E+000  0.000000E+000  4.390611E-001  1.556199E+000
  2.249500E-001  1.437614E-001  5.303162E-001  4.076626E-001  0.000000E+000  0.000000E+000  4.346527E-001  1.516393E+000
  2.286400E-001  1.436737E-001  4.849587E-001  4.053050E-001  0.000000E+000  0.000000E+000  4.287944E-001  1.462732E+000
  2.324000E-001  1.435597E-001  4.349847E-001  4.029856E-001  0.000000E+000  0.000000E+000  4.233059E-001  1.404836E+000
  2.362200E-001  1.434080E-001  3.860064E-001  4.007030E-001  0.000000E+000  0.000000E+000  4.181637E-001  1.348281E+000
  2.401000E-001  1.431997E-001  3.412392E-001  3.984586E-001  0.000000E+000  0.000000E+000  4.133451E-001  1.296243E+000
  2.440400E-001  1.429093E-001  3.019654E-001  3.962493E-001  0.000000E+000  0.000000E+000  4.088308E-001  1.249955E+000
  2.480500E-001  1.424997E-001  2.683057E-001  3.940760E-001  0.000000E+000  0.000000E+000  4.046017E-001  1.209483E+000
  2.521200E-001  1.419075E-001  2.397880E-001  3.919382E-001  0.000000E+000  0.000000E+000  4.006384E-001  1.174272E+000
  2.562700E-001  1.409730E-001  2.157255E-001  3.897621E-001  0.000000E+000  0.000000E+000  3.965500E-001  1.143011E+000
  2.604700E-001  1.397514E-001  1.954191E-001  3.872100E-001  0.000000E+000  0.000000E+000  3.906251E-001  1.113005E+000
  2.647500E-001  1.383075E-001  1.782263E-001  3.846981E-001  0.000000E+000  0.000000E+000  3.850749E-001  1.086307E+000
  2.691000E-001  1.366283E-001  1.635972E-001  3.822273E-001  0.000000E+000  0.000000E+000  3.798756E-001  1.062328E+000
  2.735200E-001  1.346819E-001  1.510749E-001  3.797962E-001  0.000000E+000  0.000000E+000  3.750038E-001  1.040557E+000
  2.780200E-001  1.324904E-001  1.402859E-001  3.774043E-001  0.000000E+000  0.000000E+000  3.704392E-001  1.020620E+000
  2.825800E-001  1.301250E-001  1.309270E-001  3.750515E-001  0.000000E+000  0.000000E+000  3.661628E-001  1.002266E+000
  2.872200E-001  1.276513E-001  1.227552E-001  3.727366E-001  0.000000E+000  0.000000E+000  3.621563E-001  9.852993E-001
  2.919400E-001  1.250404E-001  1.155715E-001  3.704573E-001  0.000000E+000  0.000000E+000  3.583919E-001  9.694611E-001
  2.967400E-001  1.222039E-001  1.092169E-001  3.677123E-001  0.000000E+000  0.000000E+000  3.523071E-001  9.514402E-001
  3.016100E-001  1.191402E-001  1.035613E-001  3.650114E-001  0.000000E+000  0.000000E+000  3.466035E-001  9.343164E-001
  3.065700E-001  1.159601E-001  9.849724E-002  3.623551E-001  0.000000E+000  0.000000E+000  3.412615E-001  9.180740E-001
  3.116000E-001  1.127480E-001  9.393824E-002  3.597407E-001  0.000000E+000  0.000000E+000  3.362555E-001  9.026825E-001
  3.167200E-001  1.094633E-001  8.981187E-002  3.571692E-001  0.000000E+000  0.000000E+000  3.315666E-001  8.880110E-001
  3.219200E-001  1.059882E-001  8.605884E-002  3.546390E-001  0.000000E+000  0.000000E+000  3.271727E-001  8.738588E-001
  3.272100E-001  1.022913E-001  8.262882E-002  3.521500E-001  0.000000E+000  0.000000E+000  3.230563E-001  8.601264E-001
  3.325800E-001  9.851710E-002  7.948051E-002  3.497010E-001  0.000000E+000  0.000000E+000  3.191993E-001  8.468979E-001
  3.380500E-001  9.481693E-002  7.657831E-002  3.468020E-001  0.000000E+000  0.000000E+000  3.130812E-001  8.312784E-001
  3.436000E-001  9.118116E-002  7.389248E-002  3.438701E-001  0.000000E+000  0.000000E+000  3.069548E-001  8.158985E-001
  3.492400E-001  8.750928E-002  7.139756E-002  3.409860E-001  0.000000E+000  0.000000E+000  3.012114E-001  8.011043E-001
  3.549800E-001  8.377110E-002  6.907243E-002  3.381482E-001  0.000000E+000  0.000000E+000  2.958317E-001  7.868234E-001
  3.608100E-001  8.005652E-002  6.689902E-002  3.353562E-001  0.000000E+000  0.000000E+000  2.907912E-001  7.731030E-001
  3.667400E-001  7.645743E-002  6.486001E-002  3.326098E-001  0.000000E+000  0.000000E+000  2.860690E-001  7.599963E-001
  3.727600E-001  7.293265E-002  6.294305E-002  3.299069E-001  0.000000E+000  0.000000E+000  2.816446E-001  7.474272E-001
  3.788800E-001  6.936020E-002  6.113491E-002  3.272487E-001  0.000000E+000  0.000000E+000  2.774991E-001  7.352430E-001
  3.851100E-001  6.573038E-002  5.942595E-002  3.242710E-001  0.000000E+000  0.000000E+000  2.717557E-001  7.211831E-001
  3.914300E-001  6.217083E-002  5.780678E-002  3.211966E-001  0.000000E+000  0.000000E+000  2.656540E-001  7.068282E-001
  3.978600E-001  5.878679E-002  5.626842E-002  3.181728E-001  0.000000E+000  0.000000E+000  2.599361E-001  6.931641E-001
  4.044000E-001  5.553317E-002  5.480528E-002  3.151968E-001  0.000000E+000  0.000000E+000  2.545796E-001  6.801149E-001
  4.110400E-001  5.228478E-002  5.341040E-002  3.122696E-001  0.000000E+000  0.000000E+000  2.495612E-001  6.675260E-001
  4.177900E-001  4.900199E-002  5.207858E-002  3.093896E-001  0.000000E+000  0.000000E+000  2.448592E-001  6.553294E-001
  4.246600E-001  4.579776E-002  5.080424E-002  3.065567E-001  0.000000E+000  0.000000E+000  2.404543E-001  6.436131E-001
  4.316300E-001  4.276284E-002  4.958330E-002  3.037683E-001  0.000000E+000  0.000000E+000  2.363267E-001  6.324411E-001
  4.387200E-001  3.984661E-002  4.841197E-002  3.007346E-001  0.000000E+000  0.000000E+000  2.309571E-001  6.199503E-001
  4.459300E-001  3.694640E-002  4.728680E-002  2.975321E-001  0.000000E+000  0.000000E+000  2.248303E-001  6.065956E-001
  4.532500E-001  3.405634E-002  4.620459E-002  2.943791E-001  0.000000E+000  0.000000E+000  2.190884E-001  5.937284E-001
  4.607000E-001  3.127294E-002  4.516181E-002  2.912781E-001  0.000000E+000  0.000000E+000  2.137089E-001  5.814218E-001
  4.682600E-001  2.866355E-002  4.415654E-002  2.882272E-001  0.000000E+000  0.000000E+000  2.086682E-001  5.697155E-001
  4.759600E-001  2.616125E-002  4.318601E-002  2.852256E-001  0.000000E+000  0.000000E+000  2.039466E-001  5.585195E-001
  4.837700E-001  2.366078E-002  4.224883E-002  2.822729E-001  0.000000E+000  0.000000E+000  1.995223E-001  5.477049E-001
  4.917200E-001  2.119068E-002  4.134174E-002  2.793674E-001  0.000000E+000  0.000000E+000  1.953770E-001  5.372769E-001
  4.998000E-001  1.890038E-002  4.046463E-002  2.762731E-001  0.000000E+000  0.000000E+000  1.902742E-001  5.259123E-001
  5.080100E-001  1.688323E-002  3.961450E-002  2.729114E-001  0.000000E+000  0.000000E+000  1.838921E-001  5.133013E-001
  5.163500E-001  1.509269E-002  3.879064E-002  2.696047E-001  0.000000E+000  0.000000E+000  1.779119E-001  5.013999E-001
  5.248300E-001  1.342088E-002  3.799152E-002  2.663496E-001  0.000000E+000  0.000000E+000  1.723097E-001  4.900717E-001
  5.334500E-001  1.182880E-002  3.721551E-002  2.631487E-001  0.000000E+000  0.000000E+000  1.670602E-001  4.792532E-001
  5.422200E-001  1.036925E-002  3.646150E-002  2.599991E-001  0.000000E+000  0.000000E+000  1.621422E-001  4.689720E-001
  5.511200E-001  9.088486E-003  3.572917E-002  2.568998E-001  0.000000E+000  0.000000E+000  1.575348E-001  4.592523E-001
  5.601800E-001  7.955419E-003  3.501715E-002  2.538516E-001  0.000000E+000  0.000000E+000  1.532179E-001  4.500421E-001
  5.693800E-001  6.889726E-003  3.432412E-002  2.506891E-001  0.000000E+000  0.000000E+000  1.483306E-001  4.402335E-001
  5.787300E-001  5.852605E-003  3.364927E-002  2.471618E-001  0.000000E+000  0.000000E+000  1.416396E-001  4.283033E-001
  5.882400E-001  4.890281E-003  3.299213E-002  2.436914E-001  0.000000E+000  0.000000E+000  1.353715E-001  4.169453E-001
  5.979000E-001  4.053947E-003  3.235174E-002  2.402766E-001  0.000000E+000  0.000000E+000  1.294991E-001  4.061814E-001
  6.077200E-001  3.336662E-003  3.172800E-002  2.369164E-001  0.000000E+000  0.000000E+000  1.239976E-001  3.959787E-001
  6.177000E-001  2.701635E-003  3.111946E-002  2.336118E-001  0.000000E+000  0.000000E+000  1.188433E-001  3.862762E-001
  6.278500E-001  2.125329E-003  3.052557E-002  2.303607E-001  0.000000E+000  0.000000E+000  1.140138E-001  3.770253E-001
  6.381600E-001  1.618323E-003  2.994663E-002  2.271613E-001  0.000000E+000  0.000000E+000  1.094896E-001  3.682158E-001
  6.486400E-001  1.209529E-003  2.938114E-002  2.239560E-001  0.000000E+000  0.000000E+000  1.049551E-001  3.595018E-001
  6.593000E-001  9.067449E-004  2.882918E-002  2.204438E-001  0.000000E+000  0.000000E+000  9.887291E-002  3.490527E-001
  6.701300E-001  6.910923E-004  2.828937E-002  2.169870E-001  0.000000E+000  0.000000E+000  9.317354E-002  3.391410E-001
  6.811300E-001  5.376742E-004  2.776268E-002  2.135859E-001  0.000000E+000  0.000000E+000  8.783424E-002  3.297205E-001
  6.923200E-001  4.266643E-004  2.724742E-002  2.102402E-001  0.000000E+000  0.000000E+000  8.283198E-002  3.207463E-001
  7.036900E-001  3.445623E-004  2.674404E-002  2.069483E-001  0.000000E+000  0.000000E+000  7.814496E-002  3.121818E-001
  7.152500E-001  2.824844E-004  2.625214E-002  2.037101E-001  0.000000E+000  0.000000E+000  7.375347E-002  3.039982E-001
  7.270000E-001  2.346058E-004  2.577028E-002  2.005234E-001  0.000000E+000  0.000000E+000  6.963949E-002  2.961678E-001
  7.389400E-001  1.970207E-004  2.529975E-002  1.973894E-001  0.000000E+000  0.000000E+000  6.578510E-002  2.886713E-001
  7.510800E-001  1.670543E-004  2.483886E-002  1.941997E-001  0.000000E+000  0.000000E+000  6.163959E-002  2.808452E-001
  7.634200E-001  1.428390E-004  2.438811E-002  1.910611E-001  0.000000E+000  0.000000E+000  5.775065E-002  2.733427E-001
  7.759600E-001  1.230338E-004  2.394682E-002  1.879733E-001  0.000000E+000  0.000000E+000  5.410694E-002  2.661501E-001
  7.887000E-001  1.066683E-004  2.351495E-002  1.849372E-001  0.000000E+000  0.000000E+000  5.069380E-002  2.592526E-001
  8.016600E-001  9.301723E-005  2.309177E-002  1.819468E-001  0.000000E+000  0.000000E+000  4.749509E-002  2.526267E-001
  8.148300E-001  8.153532E-005  2.267747E-002  1.790066E-001  0.000000E+000  0.000000E+000  4.449886E-002  2.462645E-001
  8.282100E-001  7.180591E-005  2.227197E-002  1.761149E-001  0.000000E+000  0.000000E+000  4.169139E-002  2.401501E-001
  8.418100E-001  6.350593E-005  2.187441E-002  1.732684E-001  0.000000E+000  0.000000E+000  3.906071E-002  2.342670E-001
  8.556400E-001  5.638174E-005  2.148523E-002  1.704686E-001  0.000000E+000  0.000000E+000  3.659632E-002  2.286066E-001
  8.697000E-001  5.023350E-005  2.110331E-002  1.677140E-001  0.000000E+000  0.000000E+000  3.428743E-002  2.231550E-001
  8.839800E-001  4.490077E-005  2.072968E-002  1.650036E-001  0.000000E+000  0.000000E+000  3.212414E-002  2.179023E-001
  8.985000E-001  4.025302E-005  2.036327E-002  1.623379E-001  0.000000E+000  0.000000E+000  3.009750E-002  2.128390E-001
  9.132600E-001  3.618558E-005  2.000413E-002  1.597126E-001  0.000000E+000  0.000000E+000  2.819870E-002  2.079516E-001
  9.282600E-001  3.261221E-005  1.965181E-002  1.571319E-001  0.000000E+000  0.000000E+000  2.641960E-002  2.032360E-001
  9.435100E-001  2.946128E-005  1.930675E-002  1.545923E-001  0.000000E+000  0.000000E+000  2.475279E-002  1.986813E-001
  9.590100E-001  2.667284E-005  1.896826E-002  1.520949E-001  0.000000E+000  0.000000E+000  2.319092E-002  1.942808E-001
  9.747600E-001  2.419828E-005  1.863640E-002  1.496372E-001  0.000000E+000  0.000000E+000  2.172785E-002  1.900256E-001
  9.907700E-001  2.199534E-005  1.831067E-002  1.472184E-001  0.000000E+000  0.000000E+000  2.035690E-002  1.859079E-001
  1.007000E+000  2.002873E-005  1.799138E-002  1.448398E-001  0.000000E+000  0.000000E+000  1.907279E-002  1.819240E-001
  1.023600E+000  1.826914E-005  1.767817E-002  1.424989E-001  0.000000E+000  0.000000E+000  1.786922E-002  1.780646E-001
  1.040400E+000  1.669038E-005  1.737099E-002  1.401959E-001  0.000000E+000  0.000000E+000  1.674187E-002  1.743254E-001
  1.057500E+000  1.527119E-005  1.706954E-002  1.379297E-001  0.000000E+000  0.000000E+000  1.568560E-002  1.707001E-001
  1.074900E+000  1.399223E-005  1.677389E-002  1.357010E-001  0.000000E+000  0.000000E+000  1.469589E-002  1.671847E-001
  1.092500E+000  1.283778E-005  1.648370E-002  1.335073E-001  0.000000E+000  0.000000E+000  1.376884E-002  1.637727E-001
  1.110500E+000  1.179342E-005  1.619901E-002  1.313510E-001  0.000000E+000  0.000000E+000  1.290019E-002  1.604620E-001
  1.128700E+000  1.084703E-005  1.591951E-002  1.292276E-001  0.000000E+000  0.000000E+000  1.208619E-002  1.572442E-001
  1.147200E+000  9.988005E-006  1.564532E-002  1.271399E-001  0.000000E+000  0.000000E+000  1.132377E-002  1.541190E-001
  1.166100E+000  9.207031E-006  1.537624E-002  1.250849E-001  0.000000E+000  0.000000E+000  1.060928E-002  1.510797E-001
  1.185200E+000  8.495828E-006  1.511208E-002  1.230640E-001  0.000000E+000  0.000000E+000  9.939956E-003  1.481245E-001
  1.204700E+000  7.847357E-006  1.485276E-002  1.210751E-001  0.000000E+000  0.000000E+000  9.312815E-003  1.452485E-001
  1.224500E+000  7.255093E-006  1.459825E-002  1.191186E-001  0.000000E+000  0.000000E+000  8.725287E-003  1.424494E-001
  1.244600E+000  6.713603E-006  1.434836E-002  1.171930E-001  0.000000E+000  0.000000E+000  8.174690E-003  1.397228E-001
  1.265100E+000  6.217878E-006  1.410304E-002  1.152994E-001  0.000000E+000  0.000000E+000  7.658975E-003  1.370676E-001
  1.285800E+000  5.763422E-006  1.386222E-002  1.134361E-001  0.000000E+000  0.000000E+000  7.175739E-003  1.344799E-001
  1.307000E+000  5.346419E-006  1.362569E-002  1.116029E-001  0.000000E+000  0.000000E+000  6.723054E-003  1.319570E-001
  1.328400E+000  4.963319E-006  1.339354E-002  1.097988E-001  0.000000E+000  0.000000E+000  6.298888E-003  1.294962E-001
  1.350200E+000  4.611022E-006  1.316556E-002  1.080255E-001  0.000000E+000  0.000000E+000  5.901432E-003  1.270971E-001
  1.372400E+000  4.286635E-006  1.294169E-002  1.062791E-001  0.000000E+000  0.000000E+000  5.529128E-003  1.247542E-001
  1.395000E+000  3.987779E-006  1.272180E-002  1.045615E-001  0.000000E+000  0.000000E+000  5.180298E-003  1.224676E-001
  1.417900E+000  3.712086E-006  1.250588E-002  1.028717E-001  0.000000E+000  0.000000E+000  4.853468E-003  1.202348E-001
  1.441200E+000  3.457537E-006  1.229382E-002  1.012093E-001  0.000000E+000  0.000000E+000  4.547251E-003  1.180538E-001
  1.464800E+000  3.222429E-006  1.208557E-002  9.957374E-002  0.000000E+000  0.000000E+000  4.260344E-003  1.159229E-001
  1.488900E+000  3.004981E-006  1.188105E-002  9.796493E-002  0.000000E+000  0.000000E+000  3.991586E-003  1.138406E-001
  1.513400E+000  2.803784E-006  1.168018E-002  9.638168E-002  0.000000E+000  0.000000E+000  3.739735E-003  1.118044E-001
  1.538200E+000  2.617366E-006  1.148276E-002  9.482390E-002  0.000000E+000  0.000000E+000  3.503772E-003  1.098130E-001
  1.563500E+000  2.444638E-006  1.128895E-002  9.329123E-002  0.000000E+000  0.000000E+000  3.282702E-003  1.078653E-001
  1.589200E+000  2.284421E-006  1.109851E-002  9.178362E-002  0.000000E+000  0.000000E+000  3.075641E-003  1.059601E-001
  1.615300E+000  2.135736E-006  1.047439E-002  9.030120E-002  0.000000E+000  0.000000E+000  2.881603E-003  1.036593E-001
  1.641800E+000  1.997631E-006  1.030513E-002  8.884112E-002  0.000000E+000  0.000000E+000  2.699757E-003  1.018480E-001
  1.668800E+000  1.869288E-006  1.013858E-002  8.740545E-002  0.000000E+000  0.000000E+000  2.529416E-003  1.000753E-001
  1.696200E+000  1.749931E-006  9.974761E-003  8.599315E-002  0.000000E+000  0.000000E+000  2.369828E-003  9.833949E-002
  1.724000E+000  1.638885E-006  9.813539E-003  8.460344E-002  0.000000E+000  0.000000E+000  2.220331E-003  9.663895E-002
  1.752400E+000  1.535506E-006  9.654898E-003  8.323618E-002  0.000000E+000  0.000000E+000  2.080251E-003  9.497287E-002
  1.781100E+000  1.439196E-006  9.498927E-003  8.189121E-002  0.000000E+000  0.000000E+000  1.949035E-003  9.334061E-002
  1.810400E+000  1.349439E-006  9.345454E-003  8.056746E-002  0.000000E+000  0.000000E+000  1.826052E-003  9.174031E-002
  1.840100E+000  1.265742E-006  9.194412E-003  7.926557E-002  0.000000E+000  0.000000E+000  1.710798E-003  9.017204E-002
  1.870400E+000  1.187664E-006  9.045770E-003  7.798453E-002  0.000000E+000  0.000000E+000  1.602891E-003  8.863438E-002
  1.901100E+000  1.114772E-006  8.899579E-003  7.672459E-002  0.000000E+000  0.000000E+000  1.501753E-003  8.712704E-002
  1.932300E+000  1.046715E-006  8.755791E-003  7.548474E-002  0.000000E+000  0.000000E+000  1.406998E-003  8.564858E-002
  1.964100E+000  9.831167E-007  8.614325E-003  7.426505E-002  0.000000E+000  0.000000E+000  1.318244E-003  8.419860E-002
  1.996300E+000  9.236812E-007  8.475138E-003  7.306430E-002  0.000000E+000  0.000000E+000  1.235066E-003  8.277542E-002
  2.029100E+000  8.680965E-007  8.338176E-003  7.188392E-002  0.000000E+000  0.000000E+000  1.157160E-003  8.138012E-002
  2.062400E+000  8.161036E-007  8.203400E-003  7.072210E-002  0.000000E+000  0.000000E+000  1.084135E-003  8.001045E-002
  2.096300E+000  7.674410E-007  8.070814E-003  6.957896E-002  0.000000E+000  0.000000E+000  1.015741E-003  7.866628E-002
  2.130700E+000  7.218813E-007  7.940360E-003  6.845483E-002  0.000000E+000  0.000000E+000  9.516552E-004  7.734757E-002
  2.165700E+000  6.792098E-007  7.812073E-003  6.734843E-002  0.000000E+000  0.000000E+000  8.916176E-004  7.605280E-002
  2.201300E+000  6.392340E-007  7.685812E-003  6.626005E-002  0.000000E+000  0.000000E+000  8.353690E-004  7.478187E-002
  2.237500E+000  6.017646E-007  7.561596E-003  6.518980E-002  0.000000E+000  0.000000E+000  7.826654E-004  7.353467E-002
  2.274200E+000  5.666307E-007  7.439436E-003  6.413627E-002  0.000000E+000  0.000000E+000  7.332783E-004  7.230955E-002
  2.311600E+000  5.336785E-007  7.319198E-003  6.309912E-002  0.000000E+000  0.000000E+000  6.870176E-004  7.110587E-002
  2.349600E+000  5.027644E-007  7.200904E-003  6.208017E-002  0.000000E+000  0.000000E+000  6.436699E-004  6.992524E-002
  2.388100E+000  4.737477E-007  7.084561E-003  6.107578E-002  0.000000E+000  0.000000E+000  6.030657E-004  6.876388E-002
  2.427400E+000  4.465168E-007  6.970088E-003  6.008942E-002  0.000000E+000  0.000000E+000  5.650149E-004  6.762497E-002
  2.467200E+000  4.209433E-007  6.857409E-003  5.911820E-002  0.000000E+000  0.000000E+000  5.293666E-004  6.650539E-002
  2.507800E+000  3.969313E-007  6.746572E-003  5.816293E-002  0.000000E+000  0.000000E+000  4.959669E-004  6.540586E-002
  2.549000E+000  3.743835E-007  6.637569E-003  5.722284E-002  0.000000E+000  0.000000E+000  4.646771E-004  6.432546E-002
  2.590800E+000  3.532188E-007  6.530268E-003  5.629864E-002  0.000000E+000  0.000000E+000  4.353583E-004  6.326462E-002
  2.633400E+000  3.333480E-007  6.424771E-003  5.538884E-002  0.000000E+000  0.000000E+000  4.078914E-004  6.222184E-002
  2.676600E+000  3.147191E-007  6.320926E-003  5.449336E-002  0.000000E+000  0.000000E+000  3.821590E-004  6.119676E-002
  2.720600E+000  2.972682E-007  6.218791E-003  5.361323E-002  0.000000E+000  0.000000E+000  3.580472E-004  6.019037E-002
  2.765300E+000  2.809589E-007  6.118290E-003  5.274688E-002  0.000000E+000  0.000000E+000  3.354552E-004  5.920091E-002
  2.810700E+000  2.657735E-007  6.019428E-003  5.189390E-002  0.000000E+000  0.000000E+000  3.142952E-004  5.822789E-002
  2.856900E+000  2.516911E-007  5.922161E-003  5.105594E-002  0.000000E+000  0.000000E+000  2.944635E-004  5.727281E-002
  2.903800E+000  2.387376E-007  5.826442E-003  5.023006E-002  0.000000E+000  0.000000E+000  2.758849E-004  5.633262E-002
  2.951500E+000  2.269563E-007  5.732273E-003  4.941875E-002  0.000000E+000  0.000000E+000  2.584775E-004  5.540973E-002
  3.000000E+000  2.164155E-007  5.639633E-003  4.862007E-002  0.000000E+000  0.000000E+000  2.421703E-004  5.450209E-002
  3.015900E+000  2.132712E-007  5.609823E-003  4.836267E-002  0.000000E+000  0.000000E+000  2.370924E-004  5.420979E-002
  3.032000E+000  2.102729E-007  5.580184E-003  4.810739E-002  0.000000E+000  0.000000E+000  2.321151E-004  5.391990E-002
  3.048100E+000  2.074290E-007  5.550694E-003  4.785306E-002  0.000000E+000  0.000000E+000  2.272475E-004  5.363121E-002
  3.064300E+000  2.047441E-007  5.521319E-003  4.760038E-002  0.000000E+000  0.000000E+000  2.224804E-004  5.334438E-002
  3.080600E+000  2.022226E-007  5.492152E-003  4.734872E-002  0.000000E+000  0.000000E+000  2.178129E-004  5.305889E-002
  3.096900E+000  1.998739E-007  5.463094E-003  4.709817E-002  0.000000E+000  0.000000E+000  2.132445E-004  5.277471E-002
  3.113400E+000  1.977039E-007  5.434220E-003  4.684947E-002  0.000000E+000  0.000000E+000  2.087697E-004  5.249266E-002
  3.130000E+000  1.957218E-007  5.405481E-003  4.660138E-002  0.000000E+000  0.000000E+000  2.043890E-004  5.221145E-002
  3.146600E+000  1.939356E-007  5.376935E-003  4.635469E-002  0.000000E+000  0.000000E+000  2.001016E-004  5.193192E-002
  3.163300E+000  1.923560E-007  5.348473E-003  4.611007E-002  0.000000E+000  0.000000E+000  1.959011E-004  5.165464E-002
  3.180100E+000  1.909918E-007  5.320216E-003  4.586599E-002  0.000000E+000  0.000000E+000  1.917922E-004  5.137819E-002
  3.197000E+000  1.898551E-007  5.292091E-003  4.562358E-002  0.000000E+000  0.000000E+000  1.877700E-004  5.110364E-002
  3.214000E+000  6.968046E-006  5.264098E-003  4.538248E-002  0.000000E+000  0.000000E+000  1.838300E-004  5.083737E-002
  3.231100E+000  1.522993E-005  5.236304E-003  4.514193E-002  0.000000E+000  0.000000E+000  1.799713E-004  5.057344E-002
  3.248300E+000  2.353588E-005  5.208561E-003  4.490382E-002  0.000000E+000  0.000000E+000  1.761976E-004  5.031212E-002
  3.265500E+000  6.193898E-005  5.181018E-003  4.466655E-002  0.000000E+000  0.000000E+000  1.725010E-004  5.008201E-002
  3.282900E+000  1.039150E-004  5.153648E-003  4.442996E-002  0.000000E+000  0.000000E+000  1.688795E-004  4.985641E-002
  3.300300E+000  1.446504E-004  5.126408E-003  4.419542E-002  0.000000E+000  0.000000E+000  1.653372E-004  4.963181E-002
  3.317900E+000  1.107145E-004  5.099285E-003  4.396140E-002  0.000000E+000  0.000000E+000  1.618699E-004  4.933327E-002
  3.335500E+000  7.659782E-005  5.072375E-003  4.372909E-002  0.000000E+000  0.000000E+000  1.584747E-004  4.903654E-002
  3.353200E+000  4.804034E-005  5.045560E-003  4.349795E-002  0.000000E+000  0.000000E+000  1.551492E-004  4.874670E-002
  3.371100E+000  4.516954E-005  5.018854E-003  4.326823E-002  0.000000E+000  0.000000E+000  1.518929E-004  4.848414E-002
  3.389000E+000  4.228278E-005  4.992368E-003  4.303975E-002  0.000000E+000  0.000000E+000  1.487087E-004  4.822311E-002
  3.407000E+000  3.938135E-005  4.965968E-003  4.281226E-002  0.000000E+000  0.000000E+000  1.455869E-004  4.796320E-002
  3.425100E+000  3.646509E-005  4.939700E-003  4.258626E-002  0.000000E+000  0.000000E+000  1.425337E-004  4.770496E-002
  3.443300E+000  3.353375E-005  4.913559E-003  4.236039E-002  0.000000E+000  0.000000E+000  1.395441E-004  4.744703E-002
  3.461600E+000  3.058734E-005  4.887621E-003  4.213627E-002  0.000000E+000  0.000000E+000  1.366147E-004  4.719109E-002
  3.480000E+000  2.762585E-005  4.861771E-003  4.191359E-002  0.000000E+000  0.000000E+000  1.337500E-004  4.693674E-002
  3.498500E+000  2.464896E-005  4.836041E-003  4.169225E-002  0.000000E+000  0.000000E+000  1.309441E-004  4.668389E-002
  3.517100E+000  2.027967E-005  4.810488E-003  4.147193E-002  0.000000E+000  0.000000E+000  1.281951E-004  4.643089E-002
  3.535800E+000  1.576543E-005  4.785081E-003  4.125227E-002  0.000000E+000  0.000000E+000  1.255079E-004  4.617862E-002
  3.554600E+000  1.122767E-005  4.759780E-003  4.103497E-002  0.000000E+000  0.000000E+000  1.228737E-004  4.592886E-002
  3.573500E+000  6.666608E-006  4.734591E-003  4.081760E-002  0.000000E+000  0.000000E+000  1.202966E-004  4.567916E-002
  3.592500E+000  2.082015E-006  4.709555E-003  4.060194E-002  0.000000E+000  0.000000E+000  1.177719E-004  4.543135E-002
  3.611500E+000  2.655971E-007  4.684680E-003  4.038719E-002  0.000000E+000  0.000000E+000  1.153018E-004  4.518743E-002
  3.630700E+000  2.757183E-007  4.659915E-003  4.017393E-002  0.000000E+000  0.000000E+000  1.128832E-004  4.494700E-002
  3.650000E+000  2.866726E-007  4.635259E-003  3.996103E-002  0.000000E+000  0.000000E+000  1.105149E-004  4.470709E-002
  3.669400E+000  2.985021E-007  4.610793E-003  3.974998E-002  0.000000E+000  0.000000E+000  1.081964E-004  4.446927E-002
  3.688900E+000  3.112435E-007  4.586411E-003  3.953986E-002  0.000000E+000  0.000000E+000  1.059265E-004  4.423251E-002
  3.708500E+000  3.249451E-007  4.562107E-003  3.933060E-002  0.000000E+000  0.000000E+000  1.037047E-004  4.399674E-002
  3.728300E+000  3.396461E-007  4.538005E-003  3.912279E-002  0.000000E+000  0.000000E+000  1.015268E-004  4.376266E-002
  3.748100E+000  3.553923E-007  4.514049E-003  3.891591E-002  0.000000E+000  0.000000E+000  9.939919E-005  4.352971E-002
  3.768000E+000  3.722356E-007  4.490178E-003  3.871032E-002  0.000000E+000  0.000000E+000  9.731341E-005  4.329818E-002
  3.788000E+000  3.902126E-007  4.466458E-003  3.850525E-002  0.000000E+000  0.000000E+000  9.527116E-005  4.306737E-002
  3.808100E+000  4.093851E-007  4.442845E-003  3.830211E-002  0.000000E+000  0.000000E+000  9.327295E-005  4.283864E-002
  3.828400E+000  4.297945E-007  4.419380E-003  3.809924E-002  0.000000E+000  0.000000E+000  9.131653E-005  4.261037E-002
  3.848700E+000  4.514957E-007  4.395980E-003  3.789814E-002  0.000000E+000  0.000000E+000  8.940040E-005  4.238397E-002
  3.869200E+000  4.745355E-007  4.372743E-003  3.769772E-002  0.000000E+000  0.000000E+000  8.752465E-005  4.215847E-002
  3.889700E+000  4.989758E-007  4.349622E-003  3.749873E-002  0.000000E+000  0.000000E+000  8.568789E-005  4.193454E-002
  3.910400E+000  5.248656E-007  4.326617E-003  3.730038E-002  0.000000E+000  0.000000E+000  8.389072E-005  4.171141E-002
  3.931200E+000  5.522686E-007  4.303780E-003  3.710296E-002  0.000000E+000  0.000000E+000  8.213013E-005  4.148942E-002
  3.952100E+000  5.812313E-007  4.281013E-003  3.690658E-002  0.000000E+000  0.000000E+000  8.040786E-005  4.126858E-002
  3.973100E+000  6.118152E-007  4.258344E-003  3.671210E-002  0.000000E+000  0.000000E+000  7.872074E-005  4.104977E-002
  3.994200E+000  6.440670E-007  4.235879E-003  3.651785E-002  0.000000E+000  0.000000E+000  7.706869E-005  4.083144E-002
  4.015400E+000  6.780735E-007  4.213466E-003  3.632483E-002  0.000000E+000  0.000000E+000  7.545242E-005  4.061443E-002
  4.036800E+000  7.138777E-007  4.191210E-003  3.613260E-002  0.000000E+000  0.000000E+000  7.386924E-005  4.039840E-002
  4.058200E+000  7.515447E-007  4.169051E-003  3.594128E-002  0.000000E+000  0.000000E+000  7.231914E-005  4.018340E-002
  4.079800E+000  7.911221E-007  4.146968E-003  3.575138E-002  0.000000E+000  0.000000E+000  7.080205E-005  3.996994E-002
  4.101500E+000  8.327050E-007  4.125066E-003  3.556246E-002  0.000000E+000  0.000000E+000  6.931649E-005  3.975767E-002
  4.123300E+000  8.763151E-007  4.103249E-003  3.537457E-002  0.000000E+000  0.000000E+000  6.786274E-005  3.954656E-002
  4.145200E+000  9.220510E-007  4.081531E-003  3.518765E-002  0.000000E+000  0.000000E+000  6.643857E-005  3.933654E-002
  4.167200E+000  9.699499E-007  4.059999E-003  3.500131E-002  0.000000E+000  0.000000E+000  6.504499E-005  3.912733E-002
  4.189400E+000  1.020106E-006  4.038558E-003  3.481637E-002  0.000000E+000  0.000000E+000  6.368048E-005  3.891963E-002
  4.211700E+000  1.072546E-006  4.017163E-003  3.463237E-002  0.000000E+000  0.000000E+000  6.234475E-005  3.871295E-002
  4.234000E+000  1.127367E-006  3.995957E-003  3.444940E-002  0.000000E+000  0.000000E+000  6.103716E-005  3.850752E-002
  4.256500E+000  1.184608E-006  3.974810E-003  3.426738E-002  0.000000E+000  0.000000E+000  5.975637E-005  3.830313E-002
  4.279200E+000  1.244349E-006  3.953779E-003  3.408639E-002  0.000000E+000  0.000000E+000  5.850199E-005  3.809992E-002
  4.301900E+000  1.306656E-006  3.932880E-003  3.390631E-002  0.000000E+000  0.000000E+000  5.727500E-005  3.789777E-002
  4.324800E+000  1.371601E-006  3.912123E-003  3.372662E-002  0.000000E+000  0.000000E+000  5.607346E-005  3.769618E-002
  4.347700E+000  1.439228E-006  3.891423E-003  3.354819E-002  0.000000E+000  0.000000E+000  5.489720E-005  3.749595E-002
  4.370900E+000  1.509614E-006  3.870880E-003  3.337125E-002  0.000000E+000  0.000000E+000  5.374557E-005  3.729738E-002
  4.394100E+000  1.582821E-006  3.850400E-003  3.319457E-002  0.000000E+000  0.000000E+000  5.261765E-005  3.709917E-002
  4.417400E+000  1.658897E-006  3.830005E-003  3.301898E-002  0.000000E+000  0.000000E+000  5.151395E-005  3.690215E-002
  4.440900E+000  1.737939E-006  3.809792E-003  3.284445E-002  0.000000E+000  0.000000E+000  5.043343E-005  3.670641E-002
  4.464500E+000  1.819975E-006  3.789656E-003  3.267099E-002  0.000000E+000  0.000000E+000  4.937510E-005  3.651184E-002
  4.488200E+000  1.905096E-006  3.769627E-003  3.249804E-002  0.000000E+000  0.000000E+000  4.833916E-005  3.631791E-002
  4.512100E+000  1.993330E-006  3.749706E-003  3.232623E-002  0.000000E+000  0.000000E+000  4.732510E-005  3.612526E-002
  4.536100E+000  2.084763E-006  3.729895E-003  3.215551E-002  0.000000E+000  0.000000E+000  4.633199E-005  3.593382E-002
  4.560200E+000  2.179440E-006  3.710137E-003  3.198554E-002  0.000000E+000  0.000000E+000  4.536026E-005  3.574322E-002
  4.584400E+000  2.277423E-006  3.690592E-003  3.181639E-002  0.000000E+000  0.000000E+000  4.440850E-005  3.555366E-002
  4.608800E+000  2.378772E-006  3.671012E-003  3.164829E-002  0.000000E+000  0.000000E+000  4.347705E-005  3.536516E-002
  4.633300E+000  2.483547E-006  3.651644E-003  3.148063E-002  0.000000E+000  0.000000E+000  4.256463E-005  3.517733E-002
  4.657900E+000  2.591786E-006  3.632314E-003  3.131424E-002  0.000000E+000  0.000000E+000  4.167167E-005  3.499081E-002
  4.682700E+000  2.703549E-006  3.613104E-003  3.114887E-002  0.000000E+000  0.000000E+000  4.079775E-005  3.480547E-002
  4.707600E+000  2.818894E-006  3.594039E-003  3.098423E-002  0.000000E+000  0.000000E+000  3.994158E-005  3.462103E-002
  4.732600E+000  2.937858E-006  3.575007E-003  3.082052E-002  0.000000E+000  0.000000E+000  3.910364E-005  3.443757E-002
  4.757700E+000  3.060498E-006  3.556111E-003  3.065740E-002  0.000000E+000  0.000000E+000  3.828344E-005  3.425486E-002
  4.783000E+000  3.186855E-006  3.537287E-003  3.049533E-002  0.000000E+000  0.000000E+000  3.748022E-005  3.407329E-002
  4.808400E+000  3.316979E-006  3.518611E-003  3.033416E-002  0.000000E+000  0.000000E+000  3.669411E-005  3.389278E-002
  4.834000E+000  3.450885E-006  3.499998E-003  3.017375E-002  0.000000E+000  0.000000E+000  3.592404E-005  3.371313E-002
  4.859700E+000  3.588664E-006  3.481509E-003  3.001427E-002  0.000000E+000  0.000000E+000  3.517038E-005  3.353454E-002
  4.885500E+000  3.730321E-006  3.463083E-003  2.985583E-002  0.000000E+000  0.000000E+000  3.443283E-005  3.335707E-002
  4.911500E+000  3.875882E-006  3.444755E-003  2.969762E-002  0.000000E+000  0.000000E+000  3.371024E-005  3.317996E-002
  4.937600E+000  4.025405E-006  3.426553E-003  2.954087E-002  0.000000E+000  0.000000E+000  3.300300E-005  3.300446E-002
  4.963800E+000  4.178936E-006  3.408457E-003  2.938438E-002  0.000000E+000  0.000000E+000  3.231041E-005  3.282933E-002
  4.990200E+000  4.336457E-006  3.390443E-003  2.922944E-002  0.000000E+000  0.000000E+000  3.163274E-005  3.265586E-002
  5.016700E+000  4.498013E-006  3.372551E-003  2.907470E-002  0.000000E+000  0.000000E+000  3.096920E-005  3.248272E-002
  5.043400E+000  4.663705E-006  3.354690E-003  2.892111E-002  0.000000E+000  0.000000E+000  3.031956E-005  3.231079E-002
  5.070200E+000  4.833455E-006  3.336955E-003  2.876808E-002  0.000000E+000  0.000000E+000  2.968362E-005  3.213955E-002
  5.097100E+000  5.007251E-006  3.319342E-003  2.861621E-002  0.000000E+000  0.000000E+000  2.906019E-005  3.196962E-002
  5.124200E+000  5.185228E-006  3.301739E-003  2.846459E-002  0.000000E+000  0.000000E+000  2.845064E-005  3.179996E-002
  5.151500E+000  5.367325E-006  3.284312E-003  2.831413E-002  0.000000E+000  0.000000E+000  2.785436E-005  3.163166E-002
  5.178800E+000  5.553624E-006  3.266945E-003  2.816464E-002  0.000000E+000  0.000000E+000  2.726971E-005  3.146441E-002
  5.206400E+000  5.744066E-006  3.249649E-003  2.801588E-002  0.000000E+000  0.000000E+000  2.669744E-005  3.129797E-002
  5.234000E+000  5.938660E-006  3.232495E-003  2.786740E-002  0.000000E+000  0.000000E+000  2.613746E-005  3.113197E-002
  5.261800E+000  6.137391E-006  3.215384E-003  2.772036E-002  0.000000E+000  0.000000E+000  2.558914E-005  3.096747E-002
  5.289800E+000  6.340301E-006  3.198423E-003  2.757362E-002  0.000000E+000  0.000000E+000  2.505227E-005  3.080343E-002
  5.317900E+000  6.547456E-006  3.181491E-003  2.742785E-002  0.000000E+000  0.000000E+000  2.452654E-005  3.064042E-002
  5.346200E+000  6.758753E-006  3.164701E-003  2.728286E-002  0.000000E+000  0.000000E+000  2.401200E-005  3.047834E-002
  5.374600E+000  6.974182E-006  3.147956E-003  2.713862E-002  0.000000E+000  0.000000E+000  2.350839E-005  3.031706E-002
  5.403200E+000  7.193841E-006  3.131307E-003  2.699528E-002  0.000000E+000  0.000000E+000  2.301508E-005  3.015679E-002
  5.431900E+000  7.417558E-006  3.114715E-003  2.685264E-002  0.000000E+000  0.000000E+000  2.253220E-005  2.999730E-002
  5.460800E+000  7.645445E-006  3.098270E-003  2.671052E-002  0.000000E+000  0.000000E+000  2.205969E-005  2.983849E-002
  5.489800E+000  7.877373E-006  3.081871E-003  2.656945E-002  0.000000E+000  0.000000E+000  2.159677E-005  2.968079E-002
  5.519000E+000  8.113522E-006  3.065590E-003  2.642892E-002  0.000000E+000  0.000000E+000  2.114373E-005  2.952377E-002
  5.548300E+000  8.353586E-006  3.049403E-003  2.628918E-002  0.000000E+000  0.000000E+000  2.070034E-005  2.936763E-002
  5.577800E+000  8.597871E-006  3.033269E-003  2.615007E-002  0.000000E+000  0.000000E+000  2.026602E-005  2.921221E-002
  5.607400E+000  8.845925E-006  3.017257E-003  2.601190E-002  0.000000E+000  0.000000E+000  1.984095E-005  2.905784E-002
  5.637200E+000  9.098150E-006  3.001308E-003  2.587435E-002  0.000000E+000  0.000000E+000  1.942464E-005  2.890418E-002
  5.667200E+000  9.354275E-006  2.985434E-003  2.573759E-002  0.000000E+000  0.000000E+000  1.901700E-005  2.875140E-002
  5.697300E+000  9.614214E-006  2.969652E-003  2.560155E-002  0.000000E+000  0.000000E+000  1.861797E-005  2.859943E-002
  5.727600E+000  9.878135E-006  2.953947E-003  2.546616E-002  0.000000E+000  0.000000E+000  1.822721E-005  2.844822E-002
  5.758000E+000  1.014577E-005  2.938334E-003  2.533159E-002  0.000000E+000  0.000000E+000  1.784484E-005  2.829792E-002
  5.788600E+000  1.041722E-005  2.922793E-003  2.519759E-002  0.000000E+000  0.000000E+000  1.747057E-005  2.814828E-002
  5.819400E+000  1.069248E-005  2.907343E-003  2.506447E-002  0.000000E+000  0.000000E+000  1.710406E-005  2.799961E-002
  5.850300E+000  1.097126E-005  2.891932E-003  2.493198E-002  0.000000E+000  0.000000E+000  1.674530E-005  2.785163E-002
  5.881400E+000  1.125388E-005  2.876690E-003  2.480006E-002  0.000000E+000  0.000000E+000  1.639395E-005  2.770440E-002
  5.912700E+000  1.153991E-005  2.861492E-003  2.466901E-002  0.000000E+000  0.000000E+000  1.604992E-005  2.755809E-002
  5.944100E+000  1.182956E-005  2.846341E-003  2.453857E-002  0.000000E+000  0.000000E+000  1.571324E-005  2.741245E-002
  5.975700E+000  1.212261E-005  2.831294E-003  2.440883E-002  0.000000E+000  0.000000E+000  1.538360E-005  2.726763E-002
  6.007400E+000  1.241905E-005  2.816334E-003  2.427984E-002  0.000000E+000  0.000000E+000  1.506088E-005  2.712366E-002
  6.039400E+000  1.271884E-005  2.801419E-003  2.415149E-002  0.000000E+000  0.000000E+000  1.474488E-005  2.698038E-002
  6.071500E+000  3.582938E-005  2.786647E-003  2.402382E-002  0.000000E+000  0.000000E+000  1.443572E-005  2.686074E-002
  6.103700E+000  6.943093E-005  2.771891E-003  2.389671E-002  0.000000E+000  0.000000E+000  1.413280E-005  2.675216E-002
  6.136200E+000  9.559228E-005  2.757251E-003  2.377043E-002  0.000000E+000  0.000000E+000  1.383613E-005  2.663711E-002
  6.168800E+000  1.218941E-004  2.742674E-003  2.364484E-002  0.000000E+000  0.000000E+000  1.354585E-005  2.652296E-002
  6.201600E+000  1.462513E-004  2.728182E-003  2.351982E-002  0.000000E+000  0.000000E+000  1.326163E-005  2.640752E-002
  6.234500E+000  1.290583E-004  2.713737E-003  2.339542E-002  0.000000E+000  0.000000E+000  1.298338E-005  2.625120E-002
  6.267700E+000  1.117752E-004  2.699396E-003  2.327174E-002  0.000000E+000  0.000000E+000  1.271105E-005  2.609563E-002
  6.301000E+000  9.414273E-005  2.685125E-003  2.314875E-002  0.000000E+000  0.000000E+000  1.244441E-005  2.594047E-002
  6.334500E+000  6.778184E-005  2.670963E-003  2.302641E-002  0.000000E+000  0.000000E+000  1.218348E-005  2.577734E-002
  6.368100E+000  4.128162E-005  2.656801E-003  2.290462E-002  0.000000E+000  0.000000E+000  1.192791E-005  2.561463E-002
  6.402000E+000  1.621594E-005  2.642756E-003  2.278352E-002  0.000000E+000  0.000000E+000  1.167754E-005  2.545417E-002
  6.436000E+000  1.654995E-005  2.628800E-003  2.266307E-002  0.000000E+000  0.000000E+000  1.143259E-005  2.531985E-002
  6.470200E+000  1.688627E-005  2.614891E-003  2.254329E-002  0.000000E+000  0.000000E+000  1.119268E-005  2.518626E-002
  6.504600E+000  1.722485E-005  2.601092E-003  2.242404E-002  0.000000E+000  0.000000E+000  1.095787E-005  2.505332E-002
  6.539200E+000  1.756567E-005  2.587355E-003  2.230557E-002  0.000000E+000  0.000000E+000  1.072795E-005  2.492122E-002
  6.573900E+000  1.790839E-005  2.573659E-003  2.218767E-002  0.000000E+000  0.000000E+000  1.050286E-005  2.478974E-002
  6.608900E+000  1.825328E-005  2.560042E-003  2.207043E-002  0.000000E+000  0.000000E+000  1.028257E-005  2.465901E-002
  6.644000E+000  1.859988E-005  2.546512E-003  2.195364E-002  0.000000E+000  0.000000E+000  1.006675E-005  2.452882E-002
  6.679300E+000  1.894835E-005  2.533058E-003  2.183764E-002  0.000000E+000  0.000000E+000  9.855651E-006  2.439950E-002
  6.714800E+000  1.929846E-005  2.519644E-003  2.172220E-002  0.000000E+000  0.000000E+000  9.648909E-006  2.427079E-002
  6.750500E+000  1.965017E-005  2.506336E-003  2.160736E-002  0.000000E+000  0.000000E+000  9.446469E-006  2.414279E-002
  6.786400E+000  2.000342E-005  2.493065E-003  2.149309E-002  0.000000E+000  0.000000E+000  9.248287E-006  2.401540E-002
  6.822400E+000  2.035803E-005  2.479887E-003  2.137950E-002  0.000000E+000  0.000000E+000  9.054207E-006  2.388880E-002
  6.858700E+000  2.071400E-005  2.466786E-003  2.126647E-002  0.000000E+000  0.000000E+000  8.864301E-006  2.376284E-002
  6.895100E+000  2.107117E-005  2.453716E-003  2.115399E-002  0.000000E+000  0.000000E+000  8.678354E-006  2.363746E-002
  6.931800E+000  2.142939E-005  2.440790E-003  2.104211E-002  0.000000E+000  0.000000E+000  8.496245E-006  2.351282E-002
  6.968600E+000  2.178863E-005  2.427860E-003  2.093092E-002  0.000000E+000  0.000000E+000  8.318011E-006  2.338889E-002
  7.005700E+000  2.214879E-005  2.415024E-003  2.082023E-002  0.000000E+000  0.000000E+000  8.143530E-006  2.326555E-002
  7.042900E+000  2.250981E-005  2.402291E-003  2.071021E-002  0.000000E+000  0.000000E+000  7.972668E-006  2.314298E-002
  7.080300E+000  2.287150E-005  2.389573E-003  2.060076E-002  0.000000E+000  0.000000E+000  7.805387E-006  2.302101E-002
  7.118000E+000  2.323382E-005  2.376950E-003  2.049182E-002  0.000000E+000  0.000000E+000  7.641693E-006  2.289965E-002
  7.155800E+000  2.532430E-005  2.364392E-003  2.038349E-002  0.000000E+000  0.000000E+000  7.481335E-006  2.278069E-002
  7.193800E+000  3.705393E-005  2.351879E-003  2.027576E-002  0.000000E+000  0.000000E+000  7.324373E-006  2.267202E-002
  7.232000E+000  4.884393E-005  2.339450E-003  2.016853E-002  0.000000E+000  0.000000E+000  7.170758E-006  2.256400E-002
  7.270500E+000  6.069524E-005  2.327064E-003  2.006189E-002  0.000000E+000  0.000000E+000  7.020322E-006  2.245667E-002
  7.309100E+000  7.143956E-005  2.314754E-003  1.995584E-002  0.000000E+000  0.000000E+000  6.873046E-006  2.234891E-002
  7.348000E+000  7.843704E-005  2.302514E-003  1.985042E-002  0.000000E+000  0.000000E+000  6.728827E-006  2.223810E-002
  7.387000E+000  8.547061E-005  2.290355E-003  1.974541E-002  0.000000E+000  0.000000E+000  6.587639E-006  2.212782E-002
  7.426300E+000  9.253945E-005  2.278269E-003  1.964108E-002  0.000000E+000  0.000000E+000  6.449405E-006  2.201834E-002
  7.465700E+000  9.964370E-005  2.266217E-003  1.953713E-002  0.000000E+000  0.000000E+000  6.314077E-006  2.190930E-002
  7.505400E+000  1.067831E-004  2.254220E-003  1.943388E-002  0.000000E+000  0.000000E+000  6.181655E-006  2.180106E-002
  7.545300E+000  1.139583E-004  2.242329E-003  1.933115E-002  0.000000E+000  0.000000E+000  6.051976E-006  2.169349E-002
  7.585400E+000  1.211693E-004  2.230470E-003  1.922895E-002  0.000000E+000  0.000000E+000  5.925049E-006  2.158651E-002
  7.625700E+000  1.284160E-004  2.218665E-003  1.912731E-002  0.000000E+000  0.000000E+000  5.800725E-006  2.148019E-002
  7.666300E+000  1.309769E-004  2.206935E-003  1.902623E-002  0.000000E+000  0.000000E+000  5.679012E-006  2.136982E-002
  7.707000E+000  1.264661E-004  2.195271E-003  1.892564E-002  0.000000E+000  0.000000E+000  5.559875E-006  2.125294E-002
  7.748000E+000  1.219285E-004  2.183676E-003  1.882554E-002  0.000000E+000  0.000000E+000  5.443235E-006  2.113658E-002
  7.789100E+000  1.173640E-004  2.172106E-003  1.872600E-002  0.000000E+000  0.000000E+000  5.329036E-006  2.102080E-002
  7.830500E+000  1.127722E-004  2.160628E-003  1.862700E-002  0.000000E+000  0.000000E+000  5.217210E-006  2.090562E-002
  7.872200E+000  1.081527E-004  2.149220E-003  1.852857E-002  0.000000E+000  0.000000E+000  5.107762E-006  2.079105E-002
  7.914000E+000  1.048244E-004  2.137860E-003  1.843063E-002  0.000000E+000  0.000000E+000  5.000590E-006  2.067832E-002
  7.956100E+000  1.041126E-004  2.126536E-003  1.833319E-002  0.000000E+000  0.000000E+000  4.895677E-006  2.056874E-002
  7.998300E+000  1.033931E-004  2.115289E-003  1.823623E-002  0.000000E+000  0.000000E+000  4.792985E-006  2.045970E-002
  8.040900E+000  1.026663E-004  2.104108E-003  1.813982E-002  0.000000E+000  0.000000E+000  4.692438E-006  2.035128E-002
  8.083600E+000  1.019313E-004  2.093010E-003  1.804389E-002  0.000000E+000  0.000000E+000  4.594029E-006  2.024343E-002
  8.126500E+000  9.424780E-005  2.081940E-003  1.794857E-002  0.000000E+000  0.000000E+000  4.497605E-006  2.012925E-002
  8.169700E+000  8.220405E-005  2.070934E-003  1.785367E-002  0.000000E+000  0.000000E+000  4.403248E-006  2.001121E-002
  8.213200E+000  7.009252E-005  2.059993E-003  1.775920E-002  0.000000E+000  0.000000E+000  4.310911E-006  1.989360E-002
  8.256800E+000  5.791300E-005  2.049092E-003  1.766546E-002  0.000000E+000  0.000000E+000  4.220475E-006  1.977668E-002
  8.300700E+000  4.587199E-005  2.038244E-003  1.757200E-002  0.000000E+000  0.000000E+000  4.131894E-006  1.966025E-002
  8.344800E+000  4.675182E-005  2.027475E-003  1.747911E-002  0.000000E+000  0.000000E+000  4.045227E-006  1.955738E-002
  8.389200E+000  4.763185E-005  2.016762E-003  1.738670E-002  0.000000E+000  0.000000E+000  3.960365E-006  1.945506E-002
  8.433700E+000  4.851193E-005  2.006107E-003  1.729480E-002  0.000000E+000  0.000000E+000  3.877273E-006  1.935329E-002
  8.478600E+000  4.939330E-005  1.995500E-003  1.720336E-002  0.000000E+000  0.000000E+000  3.795929E-006  1.925204E-002
  8.523600E+000  5.027563E-005  1.984954E-003  1.754295E-002  0.000000E+000  0.000000E+000  3.716269E-006  1.958189E-002
  8.568900E+000  5.115802E-005  1.974443E-003  1.827766E-002  0.000000E+000  0.000000E+000  3.638338E-006  2.030690E-002
  8.614500E+000  5.204132E-005  1.964023E-003  1.901623E-002  0.000000E+000  0.000000E+000  3.561990E-006  2.103586E-002
  8.660300E+000  5.292500E-005  1.953639E-003  1.975876E-002  0.000000E+000  0.000000E+000  3.487281E-006  2.176881E-002
  8.706300E+000  5.380806E-005  1.943299E-003  2.050522E-002  0.000000E+000  0.000000E+000  3.414110E-006  2.250574E-002
  8.752600E+000  5.469283E-005  1.933039E-003  2.125555E-002  0.000000E+000  0.000000E+000  3.342490E-006  2.324663E-002
  8.799100E+000  5.557726E-005  1.922825E-003  2.201001E-002  0.000000E+000  0.000000E+000  3.272337E-006  2.399168E-002
  8.845800E+000  5.308382E-005  1.912652E-003  2.276964E-002  0.000000E+000  0.000000E+000  3.203727E-006  2.473858E-002
  8.892800E+000  5.050390E-005  1.902524E-003  2.353336E-002  0.000000E+000  0.000000E+000  3.136520E-006  2.548953E-002
  8.940100E+000  4.790659E-005  1.892472E-003  2.430110E-002  0.000000E+000  0.000000E+000  3.070656E-006  2.624455E-002
  8.987600E+000  4.529056E-005  1.882471E-003  2.507288E-002  0.000000E+000  0.000000E+000  3.006291E-006  2.700365E-002
  9.035400E+000  4.410474E-005  1.872508E-003  2.608100E-002  0.000000E+000  0.000000E+000  2.943217E-006  2.800055E-002
  9.083400E+000  4.341694E-005  1.862617E-003  2.717586E-002  0.000000E+000  0.000000E+000  2.881456E-006  2.908478E-002
  9.131700E+000  4.272157E-005  1.852770E-003  2.827658E-002  0.000000E+000  0.000000E+000  2.821000E-006  3.017489E-002
  9.180200E+000  4.201721E-005  1.842971E-003  2.938330E-002  0.000000E+000  0.000000E+000  2.761831E-006  3.127105E-002
  9.229000E+000  4.130476E-005  1.833237E-003  3.049556E-002  0.000000E+000  0.000000E+000  2.703900E-006  3.237280E-002
  9.278100E+000  4.058414E-005  1.823549E-003  3.161409E-002  0.000000E+000  0.000000E+000  2.647172E-006  3.348087E-002
  9.327400E+000  4.041483E-005  1.813900E-003  3.231723E-002  0.000000E+000  0.000000E+000  2.591614E-006  3.417414E-002
  9.376900E+000  4.069107E-005  1.804312E-003  3.268593E-002  0.000000E+000  0.000000E+000  2.537235E-006  3.453347E-002
  9.426800E+000  4.096462E-005  1.794779E-003  3.305587E-002  0.000000E+000  0.000000E+000  2.484024E-006  3.489410E-002
  9.476900E+000  4.123409E-005  1.785283E-003  3.342814E-002  0.000000E+000  0.000000E+000  2.431893E-006  3.525709E-002
  9.527200E+000  4.150065E-005  1.775840E-003  3.380213E-002  0.000000E+000  0.000000E+000  2.380876E-006  3.562185E-002
  9.577900E+000  4.176309E-005  1.766455E-003  3.417808E-002  0.000000E+000  0.000000E+000  2.330907E-006  3.598862E-002
  9.628800E+000  4.202309E-005  1.757120E-003  3.455588E-002  0.000000E+000  0.000000E+000  2.282040E-006  3.635730E-002
  9.680000E+000  4.227835E-005  1.747836E-003  3.493607E-002  0.000000E+000  0.000000E+000  2.234176E-006  3.672842E-002
  9.731400E+000  4.253111E-005  1.738591E-003  3.472012E-002  0.000000E+000  0.000000E+000  2.187272E-006  3.650343E-002
  9.783100E+000  4.277968E-005  1.729404E-003  3.411992E-002  0.000000E+000  0.000000E+000  2.141397E-006  3.589425E-002
  9.835100E+000  4.302480E-005  1.720261E-003  3.351639E-002  0.000000E+000  0.000000E+000  2.096465E-006  3.528177E-002
  9.887400E+000  4.326645E-005  1.711165E-003  3.290945E-002  0.000000E+000  0.000000E+000  2.052478E-006  3.466593E-002
  9.939900E+000  4.350494E-005  1.702116E-003  3.229914E-002  0.000000E+000  0.000000E+000  2.009446E-006  3.404677E-002
  9.992800E+000  4.373816E-005  1.693116E-003  3.168606E-002  0.000000E+000  0.000000E+000  1.967266E-006  3.342488E-002
  1.004600E+001  4.396915E-005  1.684164E-003  3.106961E-002  0.000000E+000  0.000000E+000  1.926009E-006  3.279967E-002
  1.009900E+001  4.419642E-005  1.675265E-003  3.044958E-002  0.000000E+000  0.000000E+000  1.885593E-006  3.217092E-002
  1.015300E+001  4.441923E-005  1.666401E-003  2.982647E-002  0.000000E+000  0.000000E+000  1.846017E-006  3.153914E-002
  1.020700E+001  4.463908E-005  1.657598E-003  2.923079E-002  0.000000E+000  0.000000E+000  1.807296E-006  3.093484E-002
  1.026100E+001  4.485441E-005  1.648834E-003  2.884339E-002  0.000000E+000  0.000000E+000  1.769384E-006  3.053884E-002
  1.031600E+001  4.506621E-005  1.640117E-003  2.845353E-002  0.000000E+000  0.000000E+000  1.732269E-006  3.014045E-002
  1.037100E+001  4.527417E-005  1.631445E-003  2.806180E-002  0.000000E+000  0.000000E+000  1.695932E-006  2.974022E-002
  1.042600E+001  4.547892E-005  1.622819E-003  2.766807E-002  0.000000E+000  0.000000E+000  1.660347E-006  2.933803E-002
  1.048100E+001  4.567912E-005  1.614244E-003  2.727200E-002  0.000000E+000  0.000000E+000  1.625507E-006  2.893355E-002
  1.053700E+001  4.587593E-005  1.605713E-003  2.687406E-002  0.000000E+000  0.000000E+000  1.591426E-006  2.852724E-002
  1.059300E+001  4.606886E-005  1.597217E-003  2.647383E-002  0.000000E+000  0.000000E+000  1.558020E-006  2.811868E-002
  1.064900E+001  4.625817E-005  1.588780E-003  2.607153E-002  0.000000E+000  0.000000E+000  1.525329E-006  2.770809E-002
  1.070600E+001  4.644309E-005  1.580377E-003  2.566732E-002  0.000000E+000  0.000000E+000  1.493340E-006  2.729563E-002
  1.076300E+001  4.662452E-005  1.572025E-003  2.526070E-002  0.000000E+000  0.000000E+000  1.461993E-006  2.688081E-002
  1.082000E+001  4.680194E-005  1.563713E-003  2.485195E-002  0.000000E+000  0.000000E+000  1.431345E-006  2.646389E-002
  1.087700E+001  4.697615E-005  1.555444E-003  2.444106E-002  0.000000E+000  0.000000E+000  1.401289E-006  2.604488E-002
  1.093500E+001  4.714597E-005  1.547225E-003  2.402800E-002  0.000000E+000  0.000000E+000  1.371917E-006  2.562374E-002
  1.099300E+001  4.731193E-005  1.539039E-003  2.361279E-002  0.000000E+000  0.000000E+000  1.343125E-006  2.520049E-002
  1.105200E+001  1.186923E-004  1.530902E-003  2.319524E-002  0.000000E+000  0.000000E+000  1.314957E-006  2.484615E-002
  1.111000E+001  2.141889E-004  1.522811E-003  2.277523E-002  0.000000E+000  0.000000E+000  1.287360E-006  2.451351E-002
  1.116900E+001  3.595321E-004  1.514762E-003  2.235213E-002  0.000000E+000  0.000000E+000  1.260342E-006  2.422768E-002
  1.122900E+001  4.689403E-004  1.506747E-003  2.192735E-002  0.000000E+000  0.000000E+000  1.233897E-006  2.390427E-002
  1.128800E+001  5.789271E-004  1.498791E-003  2.150042E-002  0.000000E+000  0.000000E+000  1.208014E-006  2.357935E-002
  1.134800E+001  5.112883E-004  1.490862E-003  2.107210E-002  0.000000E+000  0.000000E+000  1.182672E-006  2.307543E-002
  1.140900E+001  4.004160E-004  1.482981E-003  2.064158E-002  0.000000E+000  0.000000E+000  1.157861E-006  2.252614E-002
  1.146900E+001  2.711350E-004  1.475140E-003  2.020822E-002  0.000000E+000  0.000000E+000  1.133583E-006  2.195563E-002
  1.153000E+001  1.448271E-004  1.467345E-003  1.977179E-002  0.000000E+000  0.000000E+000  1.109790E-006  2.138507E-002
  1.159200E+001  6.036222E-005  1.459582E-003  1.933393E-002  0.000000E+000  0.000000E+000  1.086510E-006  2.085496E-002
  1.165300E+001  4.888760E-005  1.451870E-003  1.889509E-002  0.000000E+000  0.000000E+000  1.063708E-006  2.039691E-002
  1.171500E+001  4.900840E-005  1.444190E-003  1.845222E-002  0.000000E+000  0.000000E+000  1.041396E-006  1.994646E-002
  1.177700E+001  4.912504E-005  1.436559E-003  1.800697E-002  0.000000E+000  0.000000E+000  1.019565E-006  1.949368E-002
  1.184000E+001  4.923835E-005  1.428965E-003  1.755944E-002  0.000000E+000  0.000000E+000  9.981634E-007  1.903864E-002
  1.190300E+001  4.934730E-005  1.421412E-003  1.710956E-002  0.000000E+000  0.000000E+000  9.772165E-007  1.858130E-002
  1.196600E+001  4.945363E-005  1.413902E-003  1.665776E-002  0.000000E+000  0.000000E+000  9.567213E-007  1.812208E-002
  1.203000E+001  4.955532E-005  1.406422E-003  1.620366E-002  0.000000E+000  0.000000E+000  9.366474E-007  1.766058E-002
  1.209400E+001  4.965453E-005  1.398993E-003  1.574717E-002  0.000000E+000  0.000000E+000  9.170036E-007  1.719674E-002
  1.215800E+001  4.974900E-005  1.391592E-003  1.528800E-002  0.000000E+000  0.000000E+000  8.977545E-007  1.673023E-002
  1.222300E+001  4.984020E-005  1.384237E-003  1.494405E-002  0.000000E+000  0.000000E+000  8.789254E-007  1.637901E-002
  1.228800E+001  4.992847E-005  1.376916E-003  1.482123E-002  0.000000E+000  0.000000E+000  8.604820E-007  1.624894E-002
  1.235300E+001  5.001178E-005  1.369637E-003  1.469789E-002  0.000000E+000  0.000000E+000  8.424347E-007  1.611838E-002
  1.241900E+001  5.009275E-005  1.362395E-003  1.457387E-002  0.000000E+000  0.000000E+000  8.247620E-007  1.598718E-002
  1.248500E+001  5.016957E-005  1.355192E-003  1.444918E-002  0.000000E+000  0.000000E+000  8.074607E-007  1.585535E-002
  1.255100E+001  5.024329E-005  1.348031E-003  1.432382E-002  0.000000E+000  0.000000E+000  7.905178E-007  1.572288E-002
  1.261800E+001  5.031301E-005  1.340903E-003  1.419791E-002  0.000000E+000  0.000000E+000  7.739329E-007  1.558990E-002
  1.268500E+001  5.038000E-005  1.333808E-003  1.407114E-002  0.000000E+000  0.000000E+000  7.576983E-007  1.545609E-002
  1.275200E+001  5.044340E-005  1.326762E-003  1.394377E-002  0.000000E+000  0.000000E+000  7.418033E-007  1.532172E-002
  1.282000E+001  5.050268E-005  1.319745E-003  1.381579E-002  0.000000E+000  0.000000E+000  7.262419E-007  1.518676E-002
  1.288800E+001  5.055884E-005  1.312771E-003  1.368708E-002  0.000000E+000  0.000000E+000  7.109998E-007  1.505112E-002
  1.295600E+001  5.061226E-005  1.305835E-003  1.355768E-002  0.000000E+000  0.000000E+000  6.960847E-007  1.491483E-002
  1.302500E+001  5.066132E-005  1.298930E-003  1.342760E-002  0.000000E+000  0.000000E+000  6.814841E-007  1.477788E-002
  1.309500E+001  5.070800E-005  1.292059E-003  1.329682E-002  0.000000E+000  0.000000E+000  6.671855E-007  1.464025E-002
  1.316400E+001  5.075179E-005  1.285228E-003  1.316534E-002  0.000000E+000  0.000000E+000  6.531833E-007  1.450198E-002
  1.323400E+001  5.079138E-005  1.278434E-003  1.303323E-002  0.000000E+000  0.000000E+000  6.394821E-007  1.436309E-002
  1.330400E+001  5.082732E-005  1.271680E-003  1.290036E-002  0.000000E+000  0.000000E+000  6.260688E-007  1.422349E-002
  1.337500E+001  5.086112E-005  1.264957E-003  1.276676E-002  0.000000E+000  0.000000E+000  6.129340E-007  1.408319E-002
  1.344600E+001  5.089087E-005  1.258266E-003  1.263244E-002  0.000000E+000  0.000000E+000  6.000710E-007  1.394219E-002
  1.351800E+001  5.091823E-005  1.251615E-003  1.249747E-002  0.000000E+000  0.000000E+000  5.874850E-007  1.380059E-002
  1.359000E+001  5.094170E-005  1.244993E-003  1.236170E-002  0.000000E+000  0.000000E+000  5.751597E-007  1.365821E-002
  1.366200E+001  5.096332E-005  1.238416E-003  1.222526E-002  0.000000E+000  0.000000E+000  5.630902E-007  1.351521E-002
  1.373400E+001  5.098032E-005  1.231872E-003  1.208810E-002  0.000000E+000  0.000000E+000  5.512811E-007  1.337151E-002
  1.380700E+001  5.099547E-005  1.225352E-003  1.195031E-002  0.000000E+000  0.000000E+000  5.397147E-007  1.322720E-002
  1.388100E+001  5.100648E-005  1.218880E-003  1.181159E-002  0.000000E+000  0.000000E+000  5.283956E-007  1.308201E-002
  1.395500E+001  5.101531E-005  1.212433E-003  1.167224E-002  0.000000E+000  0.000000E+000  5.173025E-007  1.293620E-002
  1.402900E+001  5.102205E-005  1.206023E-003  1.153212E-002  0.000000E+000  0.000000E+000  5.064537E-007  1.278967E-002
  1.410300E+001  5.102401E-005  1.199651E-003  1.139132E-002  0.000000E+000  0.000000E+000  4.958293E-007  1.264249E-002
  1.417800E+001  5.102429E-005  1.193303E-003  1.124974E-002  0.000000E+000  0.000000E+000  4.854223E-007  1.249455E-002
  1.425400E+001  5.102205E-005  1.187000E-003  1.110731E-002  0.000000E+000  0.000000E+000  4.752402E-007  1.234581E-002
  1.432900E+001  5.101575E-005  1.180726E-003  1.096424E-002  0.000000E+000  0.000000E+000  4.652731E-007  1.219644E-002
  1.440500E+001  5.100799E-005  1.174478E-003  1.082036E-002  0.000000E+000  0.000000E+000  4.555137E-007  1.204631E-002
  1.448200E+001  5.099623E-005  1.168273E-003  1.067572E-002  0.000000E+000  0.000000E+000  4.459532E-007  1.189543E-002
  1.455900E+001  5.098329E-005  1.162094E-003  1.053030E-002  0.000000E+000  0.000000E+000  4.365983E-007  1.174382E-002
  1.463600E+001  5.096581E-005  1.155952E-003  1.038423E-002  0.000000E+000  0.000000E+000  4.274390E-007  1.159157E-002
  1.471400E+001  5.094664E-005  1.149843E-003  1.023725E-002  0.000000E+000  0.000000E+000  4.184748E-007  1.143846E-002
  1.479200E+001  5.092516E-005  1.143764E-003  1.008955E-002  0.000000E+000  0.000000E+000  4.096932E-007  1.128464E-002
  1.487100E+001  5.090003E-005  1.137711E-003  9.941085E-003  0.000000E+000  0.000000E+000  4.010982E-007  1.113010E-002
  1.495000E+001  5.087285E-005  1.131701E-003  9.791708E-003  0.000000E+000  0.000000E+000  3.926836E-007  1.097467E-002
  1.502900E+001  5.084377E-005  1.125717E-003  9.641674E-003  0.000000E+000  0.000000E+000  3.844427E-007  1.081862E-002
  1.510900E+001  5.081138E-005  1.119767E-003  9.490738E-003  0.000000E+000  0.000000E+000  3.763748E-007  1.066169E-002
  1.519000E+001  5.077706E-005  1.113846E-003  9.339084E-003  0.000000E+000  0.000000E+000  3.684834E-007  1.050408E-002
  1.527000E+001  5.074025E-005  1.107957E-003  9.186526E-003  0.000000E+000  0.000000E+000  3.607522E-007  1.034558E-002
  1.535200E+001  5.070046E-005  1.102102E-003  9.033204E-003  0.000000E+000  0.000000E+000  3.531793E-007  1.018636E-002
  1.543300E+001  5.065885E-005  1.096275E-003  8.879055E-003  0.000000E+000  0.000000E+000  3.457738E-007  1.002633E-002
  1.551500E+001  5.061408E-005  1.090481E-003  8.724109E-003  0.000000E+000  0.000000E+000  3.385249E-007  9.865543E-003
  1.559800E+001  5.056717E-005  1.084715E-003  8.568319E-003  0.000000E+000  0.000000E+000  3.314177E-007  9.703932E-003
  1.568100E+001  5.051902E-005  1.078979E-003  8.661407E-003  0.000000E+000  0.000000E+000  3.244663E-007  9.791229E-003
  1.576400E+001  5.046744E-005  1.073276E-003  8.762400E-003  0.000000E+000  0.000000E+000  3.176551E-007  9.886461E-003
  1.584800E+001  5.041463E-005  1.067595E-003  8.863943E-003  0.000000E+000  0.000000E+000  3.109933E-007  9.982264E-003
  1.593200E+001  5.035904E-005  1.061957E-003  8.966106E-003  0.000000E+000  0.000000E+000  3.044712E-007  1.007873E-002
  1.601700E+001  5.030120E-005  1.056343E-003  9.068716E-003  0.000000E+000  0.000000E+000  2.980790E-007  1.017566E-002
  1.610200E+001  5.024140E-005  1.050759E-003  9.171851E-003  0.000000E+000  0.000000E+000  2.918258E-007  1.027314E-002
  1.618700E+001  5.017914E-005  1.045199E-003  9.275637E-003  0.000000E+000  0.000000E+000  2.857064E-007  1.037130E-002
  1.627300E+001  5.011474E-005  1.039681E-003  9.379877E-003  0.000000E+000  0.000000E+000  2.797096E-007  1.046995E-002
  1.636000E+001  5.004921E-005  1.034179E-003  9.484723E-003  0.000000E+000  0.000000E+000  2.738457E-007  1.056922E-002
  1.644700E+001  4.998119E-005  1.028713E-003  9.590110E-003  0.000000E+000  0.000000E+000  2.680976E-007  1.066907E-002
  1.653400E+001  4.991096E-005  1.023277E-003  9.696050E-003  0.000000E+000  0.000000E+000  2.624740E-007  1.076950E-002
  1.662200E+001  4.983927E-005  1.017864E-003  9.802526E-003  0.000000E+000  0.000000E+000  2.569672E-007  1.087049E-002
  1.671000E+001  4.976559E-005  1.012485E-003  9.909647E-003  0.000000E+000  0.000000E+000  2.515777E-007  1.097215E-002
  1.679900E+001  4.968943E-005  1.007134E-003  1.001734E-002  0.000000E+000  0.000000E+000  2.462971E-007  1.107441E-002
  1.688800E+001  4.961165E-005  1.001810E-003  1.012556E-002  0.000000E+000  0.000000E+000  2.411287E-007  1.117722E-002
  1.697800E+001  4.953196E-005  9.965103E-004  1.023439E-002  0.000000E+000  0.000000E+000  2.360723E-007  1.128067E-002
  1.706800E+001  4.945099E-005  9.912429E-004  1.034373E-002  0.000000E+000  0.000000E+000  2.311196E-007  1.138466E-002
  1.715900E+001  4.936809E-005  9.860059E-004  1.045372E-002  0.000000E+000  0.000000E+000  2.262716E-007  1.148932E-002
  1.725000E+001  4.928306E-005  9.807869E-004  1.056423E-002  0.000000E+000  0.000000E+000  2.215237E-007  1.159452E-002
  1.734200E+001  4.919705E-005  9.756054E-004  1.067536E-002  0.000000E+000  0.000000E+000  2.168753E-007  1.170037E-002
  1.743400E+001  4.910853E-005  9.704457E-004  1.078709E-002  0.000000E+000  0.000000E+000  2.123265E-007  1.180686E-002
  1.752700E+001  4.901850E-005  9.653182E-004  1.089941E-002  0.000000E+000  0.000000E+000  2.078738E-007  1.191396E-002
  1.762000E+001  4.892678E-005  9.602172E-004  1.101235E-002  0.000000E+000  0.000000E+000  2.035119E-007  1.202170E-002
  1.771400E+001  4.883384E-005  9.551433E-004  1.112590E-002  0.000000E+000  0.000000E+000  1.992395E-007  1.213007E-002
  1.780800E+001  4.873941E-005  9.500897E-004  1.124000E-002  0.000000E+000  0.000000E+000  1.950611E-007  1.223903E-002
  1.790200E+001  4.864314E-005  9.450656E-004  1.135471E-002  0.000000E+000  0.000000E+000  1.909672E-007  1.234861E-002
  1.799800E+001  4.854599E-005  9.400676E-004  1.147003E-002  0.000000E+000  0.000000E+000  1.869630E-007  1.245883E-002
  1.809300E+001  4.844597E-005  9.351001E-004  1.158595E-002  0.000000E+000  0.000000E+000  1.830408E-007  1.256968E-002
  1.818900E+001  4.834531E-005  9.301535E-004  1.170252E-002  0.000000E+000  0.000000E+000  1.792001E-007  1.268120E-002
  1.828600E+001  4.824343E-005  9.252376E-004  1.181965E-002  0.000000E+000  0.000000E+000  1.754405E-007  1.279331E-002
  1.838300E+001  4.814025E-005  9.203482E-004  1.193756E-002  0.000000E+000  0.000000E+000  1.717610E-007  1.290622E-002
  1.848100E+001  4.803489E-005  9.154785E-004  1.205593E-002  0.000000E+000  0.000000E+000  1.681566E-007  1.301961E-002
  1.857900E+001  4.792938E-005  9.106445E-004  1.217499E-002  0.000000E+000  0.000000E+000  1.646298E-007  1.313373E-002
  1.867800E+001  4.782144E-005  9.058237E-004  1.229468E-002  0.000000E+000  0.000000E+000  1.611762E-007  1.324849E-002
  1.877700E+001  4.771216E-005  9.010376E-004  1.241499E-002  0.000000E+000  0.000000E+000  1.577939E-007  1.336390E-002
  1.887700E+001  4.760267E-005  8.962759E-004  1.253602E-002  0.000000E+000  0.000000E+000  1.544840E-007  1.348005E-002
  1.897700E+001  4.749144E-005  8.915350E-004  1.265757E-002  0.000000E+000  0.000000E+000  1.512413E-007  1.359675E-002
  1.907800E+001  4.737870E-005  8.868232E-004  1.256176E-002  0.000000E+000  0.000000E+000  1.480697E-007  1.349611E-002
  1.918000E+001  4.726473E-005  8.821349E-004  1.240173E-002  0.000000E+000  0.000000E+000  1.449625E-007  1.333127E-002
  1.928100E+001  4.715028E-005  8.774721E-004  1.224074E-002  0.000000E+000  0.000000E+000  1.419213E-007  1.316551E-002
  1.938400E+001  4.703414E-005  8.728363E-004  1.207886E-002  0.000000E+000  0.000000E+000  1.389427E-007  1.299887E-002
  1.948700E+001  4.691689E-005  8.682190E-004  1.191629E-002  0.000000E+000  0.000000E+000  1.360291E-007  1.283156E-002
  1.959100E+001  4.679903E-005  8.636289E-004  1.175275E-002  0.000000E+000  0.000000E+000  1.331761E-007  1.266331E-002
  1.969500E+001  4.667936E-005  8.590641E-004  1.158834E-002  0.000000E+000  0.000000E+000  1.303820E-007  1.249421E-002
  1.979900E+001  4.655887E-005  8.545221E-004  1.142308E-002  0.000000E+000  0.000000E+000  1.276472E-007  1.232429E-002
  1.990500E+001  4.643765E-005  8.500044E-004  1.125691E-002  0.000000E+000  0.000000E+000  1.249674E-007  1.215348E-002
  2.001000E+001  4.631489E-005  8.455061E-004  1.109276E-002  0.000000E+000  0.000000E+000  1.223470E-007  1.198470E-002
  2.011700E+001  4.619175E-005  8.410413E-004  1.095473E-002  0.000000E+000  0.000000E+000  1.197806E-007  1.184209E-002
  2.022400E+001  4.606712E-005  8.365929E-004  1.081602E-002  0.000000E+000  0.000000E+000  1.172663E-007  1.169879E-002
  2.033100E+001  4.594230E-005  8.321749E-004  1.067648E-002  0.000000E+000  0.000000E+000  1.148065E-007  1.155471E-002
  2.043900E+001  4.581587E-005  8.277714E-004  1.053630E-002  0.000000E+000  0.000000E+000  1.123982E-007  1.141000E-002
  2.054800E+001  4.568909E-005  8.233994E-004  1.039518E-002  0.000000E+000  0.000000E+000  1.100401E-007  1.126438E-002
  2.065700E+001  4.556113E-005  8.190427E-004  1.025352E-002  0.000000E+000  0.000000E+000  1.077319E-007  1.111823E-002
  2.076700E+001  4.543251E-005  8.147139E-004  1.011100E-002  0.000000E+000  0.000000E+000  1.054716E-007  1.097125E-002
  2.087700E+001  4.530274E-005  8.104075E-004  9.967753E-003  0.000000E+000  0.000000E+000  1.032589E-007  1.082357E-002
  2.098800E+001  4.517266E-005  8.061191E-004  9.823678E-003  0.000000E+000  0.000000E+000  1.010915E-007  1.067507E-002
  2.110000E+001  4.504167E-005  8.018623E-004  9.678910E-003  0.000000E+000  0.000000E+000  9.896997E-008  1.052591E-002
  2.121200E+001  4.490944E-005  7.976223E-004  9.533446E-003  0.000000E+000  0.000000E+000  9.689467E-008  1.037607E-002
  2.132400E+001  4.477679E-005  7.934026E-004  9.387115E-003  0.000000E+000  0.000000E+000  9.486224E-008  1.022539E-002
  2.143800E+001  4.464389E-005  7.892076E-004  9.239966E-003  0.000000E+000  0.000000E+000  9.287167E-008  1.007391E-002
  2.155200E+001  4.450952E-005  7.850367E-004  9.092104E-003  0.000000E+000  0.000000E+000  9.092367E-008  9.921741E-003
  2.166600E+001  4.437481E-005  7.808879E-004  8.943430E-003  0.000000E+000  0.000000E+000  8.901659E-008  9.768782E-003
  2.178100E+001  4.423927E-005  7.767580E-004  8.793976E-003  0.000000E+000  0.000000E+000  8.714912E-008  9.615060E-003
  2.189700E+001  4.410380E-005  7.726535E-004  8.643629E-003  0.000000E+000  0.000000E+000  8.532044E-008  9.460472E-003
  2.201400E+001  4.396692E-005  7.685714E-004  8.499395E-003  0.000000E+000  0.000000E+000  8.353043E-008  9.312017E-003
  2.213100E+001  4.382995E-005  7.645099E-004  8.405737E-003  0.000000E+000  0.000000E+000  8.177790E-008  9.214158E-003
  2.224800E+001  4.369202E-005  7.604640E-004  8.311565E-003  0.000000E+000  0.000000E+000  8.006204E-008  9.115801E-003
  2.236600E+001  4.355350E-005  7.564421E-004  8.216832E-003  0.000000E+000  0.000000E+000  7.838288E-008  9.016906E-003
  2.248500E+001  4.341484E-005  7.524453E-004  8.121676E-003  0.000000E+000  0.000000E+000  7.673756E-008  8.917613E-003
  2.260500E+001  4.327533E-005  7.484635E-004  8.025990E-003  0.000000E+000  0.000000E+000  7.512810E-008  8.817804E-003
  2.272500E+001  4.313601E-005  7.445093E-004  7.929760E-003  0.000000E+000  0.000000E+000  7.355244E-008  8.717479E-003
  2.284600E+001  4.299555E-005  7.405756E-004  7.833045E-003  0.000000E+000  0.000000E+000  7.200907E-008  8.616688E-003
  2.296700E+001  4.285489E-005  7.366603E-004  7.735821E-003  0.000000E+000  0.000000E+000  7.049843E-008  8.515406E-003
  2.308900E+001  4.271321E-005  7.327608E-004  7.638093E-003  0.000000E+000  0.000000E+000  6.901963E-008  8.413636E-003
  2.321200E+001  4.257143E-005  7.288868E-004  7.539889E-003  0.000000E+000  0.000000E+000  6.757112E-008  8.311414E-003
  2.333500E+001  4.242976E-005  7.250375E-004  7.441038E-003  0.000000E+000  0.000000E+000  6.615334E-008  8.208571E-003
  2.345900E+001  4.228674E-005  7.212048E-004  7.341757E-003  0.000000E+000  0.000000E+000  6.476531E-008  8.105313E-003
  2.358400E+001  4.214418E-005  7.173917E-004  7.241943E-003  0.000000E+000  0.000000E+000  6.340685E-008  8.001543E-003
  2.370900E+001  4.200069E-005  7.136018E-004  7.141512E-003  0.000000E+000  0.000000E+000  6.207698E-008  7.897176E-003
  2.383500E+001  4.185764E-005  7.098264E-004  7.040625E-003  0.000000E+000  0.000000E+000  6.077399E-008  7.792369E-003
  2.396200E+001  4.171330E-005  7.060725E-004  6.939220E-003  0.000000E+000  0.000000E+000  5.949947E-008  7.687065E-003
  2.408900E+001  4.156903E-005  7.023399E-004  6.837255E-003  0.000000E+000  0.000000E+000  5.825090E-008  7.581222E-003
  2.421700E+001  4.142447E-005  6.986282E-004  6.734686E-003  0.000000E+000  0.000000E+000  5.702917E-008  7.474796E-003
  2.434600E+001  4.127944E-005  6.949337E-004  6.631664E-003  0.000000E+000  0.000000E+000  5.583244E-008  7.367933E-003
  2.447600E+001  4.113453E-005  6.912582E-004  6.528021E-003  0.000000E+000  0.000000E+000  5.466090E-008  7.260468E-003
  2.460600E+001  4.098908E-005  6.876021E-004  6.423809E-003  0.000000E+000  0.000000E+000  5.351433E-008  7.152454E-003
  2.473600E+001  4.084331E-005  6.839725E-004  6.319105E-003  0.000000E+000  0.000000E+000  5.239187E-008  7.043974E-003
  2.486800E+001  4.069785E-005  6.803556E-004  6.213941E-003  0.000000E+000  0.000000E+000  5.129274E-008  6.935046E-003
  2.500000E+001  4.055135E-005  6.767575E-004  6.108042E-003  0.000000E+000  0.000000E+000  5.021647E-008  6.825401E-003
  2.659600E+001  3.883428E-005  6.361398E-004  5.197548E-003  0.000000E+000  0.000000E+000  3.920313E-008  5.872561E-003
  2.829500E+001  3.710943E-005  5.979581E-004  4.621868E-003  0.000000E+000  0.000000E+000  3.060539E-008  5.256966E-003
  3.010100E+001  3.539312E-005  5.620702E-004  3.999906E-003  0.000000E+000  0.000000E+000  2.389315E-008  4.597393E-003
  3.202300E+001  3.369923E-005  5.283364E-004  3.645234E-003  0.000000E+000  0.000000E+000  1.865328E-008  4.207288E-003
  3.406800E+001  3.203828E-005  4.966245E-004  3.322061E-003  0.000000E+000  0.000000E+000  1.456224E-008  3.850739E-003
  3.624300E+001  3.041909E-005  4.668157E-004  3.027504E-003  0.000000E+000  0.000000E+000  1.136841E-008  3.524751E-003
  3.855700E+001  2.884789E-005  4.387997E-004  2.759083E-003  0.000000E+000  0.000000E+000  8.875210E-009  3.226739E-003
  4.101900E+001  2.732963E-005  4.124618E-004  2.514442E-003  0.000000E+000  0.000000E+000  6.928741E-009  2.954240E-003
  4.363800E+001  2.586771E-005  3.877074E-004  2.291508E-003  0.000000E+000  0.000000E+000  5.409164E-009  2.705089E-003
  4.642500E+001  2.446433E-005  3.644362E-004  2.088323E-003  0.000000E+000  0.000000E+000  4.222840E-009  2.477228E-003
  4.938900E+001  2.312055E-005  3.425617E-004  1.903172E-003  0.000000E+000  0.000000E+000  3.296718E-009  2.268858E-003
  5.254300E+001  2.183683E-005  3.220061E-004  1.734422E-003  0.000000E+000  0.000000E+000  2.573701E-009  2.078268E-003
  5.589800E+001  2.061290E-005  3.026750E-004  1.580640E-003  0.000000E+000  0.000000E+000  2.009271E-009  1.903929E-003
  5.946700E+001  1.944811E-005  2.845098E-004  1.440498E-003  0.000000E+000  0.000000E+000  1.568580E-009  1.744458E-003
  6.326400E+001  1.834109E-005  2.674352E-004  1.312772E-003  0.000000E+000  0.000000E+000  1.224574E-009  1.598549E-003
  6.730300E+001  1.729056E-005  2.513810E-004  1.196382E-003  0.000000E+000  0.000000E+000  9.560101E-010  1.465055E-003
  7.160100E+001  1.629467E-005  2.362961E-004  1.090304E-003  0.000000E+000  0.000000E+000  7.463415E-010  1.342895E-003
  7.617300E+001  1.535149E-005  2.221125E-004  9.936334E-004  0.000000E+000  0.000000E+000  5.826495E-010  1.231098E-003
  8.103600E+001  1.445904E-005  2.087809E-004  9.055277E-004  0.000000E+000  0.000000E+000  4.548723E-010  1.128768E-003
  8.621100E+001  1.361535E-005  1.962520E-004  8.252436E-004  0.000000E+000  0.000000E+000  3.551090E-010  1.035111E-003
  9.171500E+001  1.281823E-005  1.844726E-004  7.520736E-004  0.000000E+000  0.000000E+000  2.772279E-010  9.493647E-004
  9.757200E+001  1.206560E-005  1.734008E-004  6.853945E-004  0.000000E+000  0.000000E+000  2.164280E-010  8.708611E-004
  1.038000E+002  1.135533E-005  1.629927E-004  6.130771E-004  0.000000E+000  0.000000E+000  1.689637E-010  7.874253E-004
  1.104300E+002  1.068532E-005  1.532102E-004  5.416930E-004  0.000000E+000  0.000000E+000  1.319056E-010  7.055887E-004
  1.174800E+002  1.005361E-005  1.440150E-004  4.786225E-004  0.000000E+000  0.000000E+000  1.029770E-010  6.326912E-004
  1.249800E+002  9.458126E-006  1.353716E-004  4.228943E-004  0.000000E+000  0.000000E+000  8.039275E-011  5.677241E-004
  1.329600E+002  8.897071E-006  1.272464E-004  3.736529E-004  0.000000E+000  0.000000E+000  6.276182E-011  5.097965E-004
  1.414500E+002  8.368653E-006  1.196092E-004  3.301452E-004  0.000000E+000  0.000000E+000  4.899695E-011  4.581232E-004
  1.504800E+002  7.870925E-006  1.124302E-004  2.917043E-004  0.000000E+000  0.000000E+000  3.825118E-011  4.120054E-004
  1.600900E+002  7.402321E-006  1.056825E-004  2.577391E-004  0.000000E+000  0.000000E+000  2.986194E-011  3.708239E-004
  1.703100E+002  6.961183E-006  9.933922E-005  2.277290E-004  0.000000E+000  0.000000E+000  2.331320E-011  3.340294E-004
  1.811900E+002  6.546057E-006  9.337674E-005  2.012136E-004  0.000000E+000  0.000000E+000  1.820024E-011  3.011364E-004
  1.927600E+002  6.155264E-006  8.777269E-005  1.777847E-004  0.000000E+000  0.000000E+000  1.420871E-011  2.717127E-004
  2.050700E+002  5.787686E-006  8.250456E-005  1.570834E-004  0.000000E+000  0.000000E+000  1.109234E-011  2.453757E-004
  2.181600E+002  5.441839E-006  7.755255E-005  1.387942E-004  0.000000E+000  0.000000E+000  8.659698E-012  2.217886E-004
  2.320900E+002  5.116506E-006  7.289809E-005  1.226342E-004  0.000000E+000  0.000000E+000  6.760428E-012  2.006488E-004
  2.469100E+002  4.810402E-006  6.852267E-005  1.083549E-004  0.000000E+000  0.000000E+000  5.277783E-012  1.816880E-004
  2.626800E+002  4.522539E-006  6.441029E-005  9.573876E-005  0.000000E+000  0.000000E+000  4.120305E-012  1.646716E-004
  2.794500E+002  4.251827E-006  6.054431E-005  8.459115E-005  0.000000E+000  0.000000E+000  3.216646E-012  1.493873E-004
  2.972900E+002  3.997224E-006  5.691066E-005  7.474133E-005  0.000000E+000  0.000000E+000  2.511204E-012  1.356492E-004
  3.162700E+002  3.757838E-006  5.349464E-005  6.603881E-005  0.000000E+000  0.000000E+000  1.960470E-012  1.232913E-004
  3.364700E+002  3.532685E-006  5.028419E-005  5.834953E-005  0.000000E+000  0.000000E+000  1.530481E-012  1.121664E-004
  3.579500E+002  3.320998E-006  4.726598E-005  5.155512E-005  0.000000E+000  0.000000E+000  1.194845E-012  1.021421E-004
  3.808100E+002  3.121965E-006  4.442899E-005  4.555242E-005  0.000000E+000  0.000000E+000  9.327939E-013  9.310337E-005
  4.051200E+002  2.934820E-006  4.176274E-005  4.024848E-005  0.000000E+000  0.000000E+000  7.282221E-013  8.494604E-005
  4.309900E+002  2.758877E-006  3.925583E-005  3.556188E-005  0.000000E+000  0.000000E+000  5.685097E-013  7.757659E-005
  4.585100E+002  2.593447E-006  3.689993E-005  3.142119E-005  0.000000E+000  0.000000E+000  4.438238E-013  7.091457E-005
  4.877900E+002  2.437925E-006  3.468527E-005  2.776282E-005  0.000000E+000  0.000000E+000  3.464872E-013  6.488601E-005
  5.189300E+002  2.291714E-006  3.260298E-005  2.453020E-005  0.000000E+000  0.000000E+000  2.704969E-013  5.942489E-005
  5.520700E+002  2.154263E-006  3.064615E-005  2.167400E-005  0.000000E+000  0.000000E+000  2.111714E-013  5.447442E-005
  5.873200E+002  2.025038E-006  2.880728E-005  1.915034E-005  0.000000E+000  0.000000E+000  1.648603E-013  4.998266E-005
  6.248200E+002  1.903562E-006  2.707809E-005  1.692057E-005  0.000000E+000  0.000000E+000  1.287042E-013  4.590222E-005
  6.647100E+002  1.789361E-006  2.545286E-005  1.495045E-005  0.000000E+000  0.000000E+000  1.004775E-013  4.219266E-005
  7.071600E+002  1.682017E-006  2.392500E-005  1.320966E-005  0.000000E+000  0.000000E+000  7.844104E-014  3.881668E-005
  7.523100E+002  1.581096E-006  2.248940E-005  1.167155E-005  0.000000E+000  0.000000E+000  6.123730E-014  3.574205E-005
  8.003500E+002  1.486233E-006  2.113962E-005  1.031253E-005  0.000000E+000  0.000000E+000  4.780690E-014  3.293838E-005
  8.514500E+002  1.397053E-006  1.987064E-005  9.111821E-006  0.000000E+000  0.000000E+000  3.732236E-014  3.037952E-005
  9.058200E+002  1.313223E-006  1.867822E-005  8.050897E-006  0.000000E+000  0.000000E+000  2.913676E-014  2.804234E-005
  9.636600E+002  1.234428E-006  1.755706E-005  7.113475E-006  0.000000E+000  0.000000E+000  2.274660E-014  2.590496E-005
  1.025200E+003  1.160357E-006  1.650324E-005  6.285162E-006  0.000000E+000  0.000000E+000  1.775830E-014  2.394876E-005
  1.090600E+003  1.090720E-006  1.551279E-005  5.553381E-006  0.000000E+000  0.000000E+000  1.386350E-014  2.215689E-005
  1.160300E+003  1.025267E-006  1.458169E-005  4.906754E-006  0.000000E+000  0.000000E+000  1.082287E-014  2.051372E-005
  1.234400E+003  9.637362E-007  1.370651E-005  4.335438E-006  0.000000E+000  0.000000E+000  8.449342E-015  1.900568E-005
  1.313200E+003  9.058984E-007  1.288385E-005  3.830628E-006  0.000000E+000  0.000000E+000  6.596286E-015  1.762037E-005
  1.397000E+003  8.515330E-007  1.211057E-005  3.384627E-006  0.000000E+000  0.000000E+000  5.149603E-015  1.634673E-005
  1.486200E+003  8.004333E-007  1.138374E-005  2.990507E-006  0.000000E+000  0.000000E+000  4.020234E-015  1.517468E-005
  1.581100E+003  7.523932E-007  1.070046E-005  2.642333E-006  0.000000E+000  0.000000E+000  3.138527E-015  1.409518E-005
  1.682100E+003  7.072429E-007  1.005823E-005  2.334662E-006  0.000000E+000  0.000000E+000  2.450213E-015  1.310014E-005
  1.789500E+003  6.647898E-007  9.454506E-006  2.062812E-006  0.000000E+000  0.000000E+000  1.912828E-015  1.218211E-005
  1.903800E+003  6.248970E-007  8.887094E-006  1.822627E-006  0.000000E+000  0.000000E+000  1.493335E-015  1.133462E-005
  2.025300E+003  5.873946E-007  8.353677E-006  1.610408E-006  0.000000E+000  0.000000E+000  1.165826E-015  1.055148E-005
  2.154600E+003  5.521409E-007  7.852318E-006  1.422894E-006  0.000000E+000  0.000000E+000  9.101372E-016  9.827353E-006
  2.292200E+003  5.190058E-007  7.381030E-006  1.257232E-006  0.000000E+000  0.000000E+000  7.105311E-016  9.157268E-006
  2.438600E+003  4.878558E-007  6.938047E-006  1.110836E-006  0.000000E+000  0.000000E+000  5.546994E-016  8.536739E-006
  2.594300E+003  4.585757E-007  6.521607E-006  9.815001E-007  0.000000E+000  0.000000E+000  4.330448E-016  7.961683E-006
  2.759900E+003  4.310504E-007  6.130210E-006  8.672163E-007  0.000000E+000  0.000000E+000  3.380729E-016  7.428476E-006
  2.936200E+003  4.051794E-007  5.762245E-006  7.662326E-007  0.000000E+000  0.000000E+000  2.639281E-016  6.933657E-006
  3.123600E+003  3.808635E-007  5.416391E-006  6.770220E-007  0.000000E+000  0.000000E+000  2.060469E-016  6.474277E-006
  3.323100E+003  3.580024E-007  5.091361E-006  5.981921E-007  0.000000E+000  0.000000E+000  1.608548E-016  6.047555E-006
  3.535300E+003  3.365167E-007  4.785764E-006  5.285405E-007  0.000000E+000  0.000000E+000  1.255775E-016  5.650821E-006
  3.761000E+003  3.163186E-007  4.498516E-006  4.669955E-007  0.000000E+000  0.000000E+000  9.803625E-017  5.281830E-006
  4.001200E+003  2.973344E-007  4.228515E-006  4.126217E-007  0.000000E+000  0.000000E+000  7.653602E-017  4.938471E-006
  4.256600E+003  2.794884E-007  3.974700E-006  3.645786E-007  0.000000E+000  0.000000E+000  5.975041E-017  4.618767E-006
  4.528400E+003  2.627142E-007  3.736177E-006  3.221281E-007  0.000000E+000  0.000000E+000  4.664591E-017  4.321019E-006
  4.817600E+003  2.469464E-007  3.511934E-006  2.846195E-007  0.000000E+000  0.000000E+000  3.641574E-017  4.043500E-006
  5.125200E+003  2.321254E-007  3.301126E-006  2.514803E-007  0.000000E+000  0.000000E+000  2.842934E-017  3.784732E-006
  5.452400E+003  2.181931E-007  3.102996E-006  2.221989E-007  0.000000E+000  0.000000E+000  2.219455E-017  3.543388E-006
  5.800600E+003  2.050972E-007  2.916756E-006  1.963267E-007  0.000000E+000  0.000000E+000  1.732698E-017  3.318180E-006
  6.171000E+003  1.927875E-007  2.741704E-006  1.734674E-007  0.000000E+000  0.000000E+000  1.352686E-017  3.107959E-006
  6.565000E+003  1.812164E-007  2.577166E-006  1.532699E-007  0.000000E+000  0.000000E+000  1.056017E-017  2.911653E-006
  6.984200E+003  1.703406E-007  2.422485E-006  1.354233E-007  0.000000E+000  0.000000E+000  8.244160E-018  2.728249E-006
  7.430100E+003  1.601165E-007  2.277066E-006  1.196549E-007  0.000000E+000  0.000000E+000  6.436097E-018  2.556837E-006
  7.904600E+003  1.505066E-007  2.140410E-006  1.057235E-007  0.000000E+000  0.000000E+000  5.024556E-018  2.396640E-006
  8.409300E+003  1.414732E-007  2.011943E-006  9.341327E-008  0.000000E+000  0.000000E+000  3.922599E-018  2.246829E-006
  8.946200E+003  1.329827E-007  1.891183E-006  8.253640E-008  0.000000E+000  0.000000E+000  3.062330E-018  2.106703E-006
  9.517400E+003  1.250002E-007  1.777676E-006  7.292641E-008  0.000000E+000  0.000000E+000  2.390732E-018  1.975603E-006
  1.012500E+004  1.174978E-007  1.670983E-006  6.443513E-008  0.000000E+000  0.000000E+000  1.866395E-018  1.852916E-006
  1.077200E+004  1.104460E-007  1.570690E-006  5.693276E-008  0.000000E+000  0.000000E+000  1.457046E-018  1.738069E-006
  1.145900E+004  1.038165E-007  1.476418E-006  5.030365E-008  0.000000E+000  0.000000E+000  1.137507E-018  1.630538E-006
  1.219100E+004  9.758598E-008  1.387805E-006  4.444666E-008  0.000000E+000  0.000000E+000  8.880382E-019  1.529838E-006
  1.297000E+004  9.172950E-008  1.304506E-006  3.927096E-008  0.000000E+000  0.000000E+000  6.932759E-019  1.435507E-006
  1.379800E+004  8.622387E-008  1.226218E-006  3.469873E-008  0.000000E+000  0.000000E+000  5.412339E-019  1.347141E-006
  1.467900E+004  8.104883E-008  1.152623E-006  3.065835E-008  0.000000E+000  0.000000E+000  4.225281E-019  1.264330E-006
  1.561600E+004  7.618423E-008  1.083440E-006  2.708868E-008  0.000000E+000  0.000000E+000  3.298620E-019  1.186713E-006
  1.661300E+004  7.161182E-008  1.018412E-006  2.393466E-008  0.000000E+000  0.000000E+000  2.575196E-019  1.113958E-006
  1.767400E+004  6.731327E-008  9.572858E-007  2.114766E-008  0.000000E+000  0.000000E+000  2.010438E-019  1.045747E-006
  1.880200E+004  6.327315E-008  8.998279E-007  1.868541E-008  0.000000E+000  0.000000E+000  1.569510E-019  9.817865E-007
  2.000300E+004  5.947609E-008  8.458241E-007  1.650959E-008  0.000000E+000  0.000000E+000  1.225286E-019  9.218098E-007
  2.128000E+004  5.590577E-008  7.950588E-007  1.458740E-008  0.000000E+000  0.000000E+000  9.565572E-020  8.655520E-007
  2.263900E+004  5.255025E-008  7.473363E-007  1.288886E-008  0.000000E+000  0.000000E+000  7.467672E-020  8.127754E-007
  2.408400E+004  4.939708E-008  7.024901E-007  1.138815E-008  0.000000E+000  0.000000E+000  5.829911E-020  7.632753E-007
  2.562200E+004  4.643167E-008  6.603238E-007  1.006217E-008  0.000000E+000  0.000000E+000  4.551302E-020  7.168176E-007
  2.725800E+004  4.364502E-008  6.206908E-007  8.890563E-009  0.000000E+000  0.000000E+000  3.553127E-020  6.732264E-007
  2.899900E+004  4.102550E-008  5.834388E-007  7.855401E-009  0.000000E+000  0.000000E+000  2.773898E-020  6.323197E-007
  3.085000E+004  3.856297E-008  5.484190E-007  6.940679E-009  0.000000E+000  0.000000E+000  2.165530E-020  5.939226E-007
  3.282000E+004  3.624886E-008  5.155021E-007  6.132604E-009  0.000000E+000  0.000000E+000  1.690626E-020  5.578836E-007
  3.491600E+004  3.407303E-008  4.845619E-007  5.418480E-009  0.000000E+000  0.000000E+000  1.319825E-020  5.240534E-007
  3.714500E+004  3.202798E-008  4.554821E-007  4.787580E-009  0.000000E+000  0.000000E+000  1.030362E-020  4.922977E-007
  3.951700E+004  3.010568E-008  4.281469E-007  4.230154E-009  0.000000E+000  0.000000E+000  8.043936E-021  4.624827E-007
  4.204000E+004  2.829870E-008  4.024477E-007  3.737615E-009  0.000000E+000  0.000000E+000  6.279844E-021  4.344840E-007
  4.472500E+004  2.660036E-008  3.782937E-007  3.302424E-009  0.000000E+000  0.000000E+000  4.902550E-021  4.081965E-007
  4.758000E+004  2.500377E-008  3.555876E-007  2.917880E-009  0.000000E+000  0.000000E+000  3.827322E-021  3.835092E-007
  5.061800E+004  2.350309E-008  3.342463E-007  2.578145E-009  0.000000E+000  0.000000E+000  2.987920E-021  3.603276E-007
  5.385000E+004  2.209246E-008  3.141822E-007  2.277956E-009  0.000000E+000  0.000000E+000  2.332649E-021  3.385526E-007
  5.728900E+004  2.076647E-008  2.953255E-007  2.012718E-009  0.000000E+000  0.000000E+000  1.821045E-021  3.181047E-007
  6.094700E+004  1.952001E-008  2.776035E-007  1.778356E-009  0.000000E+000  0.000000E+000  1.421680E-021  2.989018E-007
  6.483800E+004  1.834849E-008  2.609419E-007  1.571301E-009  0.000000E+000  0.000000E+000  1.109884E-021  2.808617E-007
  6.897800E+004  1.724724E-008  2.452781E-007  1.388343E-009  0.000000E+000  0.000000E+000  8.664671E-022  2.639137E-007
  7.338300E+004  1.621209E-008  2.305569E-007  1.226693E-009  0.000000E+000  0.000000E+000  6.764366E-022  2.479957E-007
  7.806800E+004  1.523908E-008  2.167199E-007  1.083856E-009  0.000000E+000  0.000000E+000  5.280867E-022  2.330429E-007
  8.305300E+004  1.432436E-008  2.037114E-007  9.576560E-010  0.000000E+000  0.000000E+000  4.122665E-022  2.189934E-007
  8.835600E+004  1.346469E-008  1.914859E-007  8.461504E-010  0.000000E+000  0.000000E+000  3.218491E-022  2.057967E-007
  9.399800E+004  1.265648E-008  1.799921E-007  7.476310E-010  0.000000E+000  0.000000E+000  2.512634E-022  1.933962E-007
  1.000000E+005  1.189695E-008  1.691894E-007  6.605723E-010  0.000000E+000  0.000000E+000  1.961604E-022  1.817469E-007
