# DUSTEM extinction cross-section for NH=10^21 H/cm2 : sigma (x 1e-21) [cm2/H]
# 
# Grain types 
# nr of grain types - nr of lambda
# lambda (microns)   ABS(1) ... ABS(ntype)  SCA(1) ... SCA(ntype)  EXT(Total)
# 
# cm20 carb_5nm_prolate2 aSil2_prolate2
# 3   800
  4.000000E-002  5.946548E-001  2.865353E-002  5.744025E-001  3.780443E-003  3.836505E-002  2.930784E-001  1.532935E+000
  4.065700E-002  6.099895E-001  2.870137E-002  5.731073E-001  3.809028E-003  3.834045E-002  2.928239E-001  1.546771E+000
  4.132500E-002  6.255313E-001  2.874989E-002  5.717850E-001  3.837101E-003  3.831554E-002  2.925667E-001  1.560786E+000
  4.200400E-002  6.416156E-001  2.879939E-002  5.704447E-001  3.865891E-003  3.829090E-002  2.922971E-001  1.575314E+000
  4.269400E-002  6.581093E-001  2.884932E-002  5.690835E-001  3.894737E-003  3.826548E-002  2.920244E-001  1.590227E+000
  4.339500E-002  6.749867E-001  2.890023E-002  5.676942E-001  3.923703E-003  3.823966E-002  2.917529E-001  1.605497E+000
  4.410800E-002  6.925128E-001  2.895210E-002  5.662889E-001  3.953456E-003  3.821300E-002  2.914774E-001  1.621398E+000
  4.483200E-002  7.102458E-001  2.900471E-002  5.648660E-001  3.982645E-003  3.818582E-002  2.911964E-001  1.637481E+000
  4.556900E-002  7.289016E-001  2.905801E-002  5.634143E-001  4.013341E-003  3.815871E-002  2.909075E-001  1.654454E+000
  4.631700E-002  7.475703E-001  2.911256E-002  5.619324E-001  4.042900E-003  3.813131E-002  2.906168E-001  1.671406E+000
  4.707800E-002  7.674311E-001  2.916808E-002  5.604384E-001  4.074653E-003  3.810261E-002  2.903186E-001  1.689534E+000
  4.785100E-002  7.873254E-001  2.922390E-002  5.589035E-001  4.105253E-003  3.807451E-002  2.900120E-001  1.707645E+000
  4.863700E-002  8.083147E-001  2.928101E-002  5.573579E-001  4.137659E-003  3.804489E-002  2.897111E-001  1.726847E+000
  4.943600E-002  8.295993E-001  2.933928E-002  5.557833E-001  4.169566E-003  3.801627E-002  2.893961E-001  1.746304E+000
  5.024800E-002  8.518035E-001  2.939815E-002  5.541833E-001  4.202718E-003  3.798582E-002  2.890797E-001  1.766653E+000
  5.107300E-002  8.745993E-001  2.945839E-002  5.525490E-001  4.236129E-003  3.795517E-002  2.887549E-001  1.787553E+000
  5.191200E-002  8.981567E-001  2.951888E-002  5.508948E-001  4.270294E-003  3.792423E-002  2.884289E-001  1.809194E+000
  5.276500E-002  9.226643E-001  2.958131E-002  5.492075E-001  4.305512E-003  3.789285E-002  2.880951E-001  1.831747E+000
  5.363200E-002  9.477355E-001  2.964416E-002  5.475018E-001  4.341013E-003  3.786037E-002  2.877533E-001  1.854836E+000
  5.451300E-002  9.741478E-001  2.970827E-002  5.457617E-001  4.378349E-003  3.782795E-002  2.874113E-001  1.879235E+000
  5.540800E-002  1.000889E+000  2.977340E-002  5.439999E-001  4.415460E-003  3.779459E-002  2.870675E-001  1.903940E+000
  5.631800E-002  1.029431E+000  2.983932E-002  5.422033E-001  4.455388E-003  3.776113E-002  2.867154E-001  1.930405E+000
  5.724300E-002  1.058283E+000  2.990653E-002  5.403765E-001  4.495003E-003  3.772672E-002  2.863542E-001  1.957142E+000
  5.818400E-002  1.089080E+000  2.997480E-002  5.385217E-001  4.537653E-003  3.769180E-002  2.859771E-001  1.985783E+000
  5.913900E-002  1.120426E+000  3.004417E-002  5.366351E-001  4.580523E-003  3.765680E-002  2.856082E-001  2.014951E+000
  6.011100E-002  1.153577E+000  3.011483E-002  5.347135E-001  4.626161E-003  3.762089E-002  2.852292E-001  2.045882E+000
  6.109800E-002  1.187750E+000  3.018638E-002  5.327704E-001  4.673062E-003  3.758450E-002  2.848364E-001  2.077800E+000
  6.210200E-002  1.223517E+000  3.025961E-002  5.307892E-001  4.722341E-003  3.754727E-002  2.844557E-001  2.111291E+000
  6.312200E-002  1.260838E+000  3.033390E-002  5.287749E-001  4.773912E-003  3.750882E-002  2.840534E-001  2.146283E+000
  6.415900E-002  1.299456E+000  3.040887E-002  5.267311E-001  4.827646E-003  3.747040E-002  2.836486E-001  2.182543E+000
  6.521300E-002  1.340164E+000  3.048541E-002  5.246495E-001  4.884845E-003  3.743152E-002  2.832358E-001  2.220851E+000
  6.628400E-002  1.381787E+000  3.056317E-002  5.225369E-001  4.943883E-003  3.739195E-002  2.828167E-001  2.260040E+000
  6.737200E-002  1.425910E+000  3.064239E-002  5.203917E-001  5.007485E-003  3.735151E-002  2.823996E-001  2.301702E+000
  6.847900E-002  1.470572E+000  3.072305E-002  5.182044E-001  5.073013E-003  3.731107E-002  2.819554E-001  2.343839E+000
  6.960400E-002  1.517781E+000  3.080442E-002  5.159855E-001  5.143950E-003  3.726882E-002  2.815226E-001  2.388506E+000
  7.074700E-002  1.565160E+000  3.088732E-002  5.137287E-001  5.217209E-003  3.722707E-002  2.810806E-001  2.433301E+000
  7.190900E-002  1.613836E+000  3.097207E-002  5.114398E-001  5.295116E-003  3.718387E-002  2.806241E-001  2.479351E+000
  7.309100E-002  1.662254E+000  3.105778E-002  5.091052E-001  5.376825E-003  3.713941E-002  2.801606E-001  2.525094E+000
  7.429100E-002  1.710281E+000  3.114522E-002  5.067410E-001  5.463751E-003  3.709594E-002  2.796928E-001  2.570419E+000
  7.551100E-002  1.753992E+000  3.123385E-002  5.043336E-001  5.549331E-003  3.705011E-002  2.792195E-001  2.611378E+000
  7.675200E-002  1.791243E+000  3.132399E-002  5.018823E-001  5.635822E-003  3.700492E-002  2.787286E-001  2.645819E+000
  7.801200E-002  1.796263E+000  3.141562E-002  4.993968E-001  5.672192E-003  3.695797E-002  2.782362E-001  2.647942E+000
  7.929400E-002  1.783749E+000  3.150876E-002  4.968664E-001  5.689972E-003  3.691017E-002  2.777359E-001  2.632460E+000
  8.059600E-002  1.761655E+000  3.160286E-002  4.942976E-001  5.671202E-003  3.686214E-002  2.772336E-001  2.607322E+000
  8.192000E-002  1.735665E+000  3.169943E-002  4.916838E-001  5.652460E-003  3.681371E-002  2.767150E-001  2.578229E+000
  8.326600E-002  1.696669E+000  3.179701E-002  4.890331E-001  5.586713E-003  3.676339E-002  2.761868E-001  2.536036E+000
  8.463400E-002  1.654944E+000  3.189651E-002  4.863284E-001  5.522602E-003  3.671240E-002  2.756547E-001  2.491059E+000
  8.602400E-002  1.605249E+000  3.199771E-002  4.835906E-001  5.422619E-003  3.666142E-002  2.751098E-001  2.438031E+000
  8.743700E-002  1.553314E+000  3.210039E-002  4.807978E-001  5.318001E-003  3.660864E-002  2.745571E-001  2.382696E+000
  8.887300E-002  1.497000E+000  3.220486E-002  4.779653E-001  5.189479E-003  3.655563E-002  2.739951E-001  2.322911E+000
  9.033300E-002  1.439200E+000  3.231092E-002  4.750798E-001  5.050943E-003  3.650177E-002  2.734247E-001  2.261569E+000
  9.181700E-002  1.380047E+000  3.241859E-002  4.721560E-001  4.900175E-003  3.644626E-002  2.728467E-001  2.198815E+000
  9.332500E-002  1.320273E+000  3.252820E-002  4.691841E-001  4.735473E-003  3.639097E-002  2.722599E-001  2.135372E+000
  9.485800E-002  1.261079E+000  3.263938E-002  4.661544E-001  4.568984E-003  3.633459E-002  2.716588E-001  2.072435E+000
  9.641600E-002  1.202147E+000  3.275262E-002  4.630853E-001  4.386207E-003  3.627658E-002  2.710490E-001  2.009696E+000
  9.799900E-002  1.144874E+000  3.286758E-002  4.599585E-001  4.210226E-003  3.621779E-002  2.704344E-001  1.948563E+000
  9.960900E-002  1.088666E+000  3.298465E-002  4.567827E-001  4.016846E-003  3.615872E-002  2.698039E-001  1.888413E+000
  1.012500E-001  1.034302E+000  3.310415E-002  4.535415E-001  3.833321E-003  3.609772E-002  2.691674E-001  1.830046E+000
  1.029100E-001  9.821321E-001  3.322452E-002  4.502693E-001  3.639501E-003  3.603609E-002  2.685147E-001  1.773816E+000
  1.046000E-001  9.319123E-001  3.334716E-002  4.469328E-001  3.453954E-003  3.597353E-002  2.678552E-001  1.719475E+000
  1.063200E-001  8.839027E-001  3.347177E-002  4.435390E-001  3.264864E-003  3.590970E-002  2.671850E-001  1.667273E+000
  1.080600E-001  8.382838E-001  3.359852E-002  4.401103E-001  3.082616E-003  3.584552E-002  2.665052E-001  1.617426E+000
  1.098400E-001  7.946023E-001  3.372839E-002  4.365957E-001  2.901624E-003  3.577987E-002  2.658094E-001  1.569417E+000
  1.116400E-001  7.535389E-001  3.385903E-002  4.330357E-001  2.726156E-003  3.571240E-002  2.651099E-001  1.523982E+000
  1.134800E-001  7.141645E-001  3.399240E-002  4.294070E-001  2.555980E-003  3.564491E-002  2.643876E-001  1.480153E+000
  1.153400E-001  6.776986E-001  3.412833E-002  4.257395E-001  2.390780E-003  3.557615E-002  2.636624E-001  1.439196E+000
  1.172300E-001  6.426884E-001  3.426457E-002  4.220061E-001  2.234125E-003  3.550612E-002  2.629225E-001  1.399622E+000
  1.191600E-001  6.105467E-001  3.440516E-002  4.182059E-001  2.081119E-003  3.543471E-002  2.621670E-001  1.362841E+000
  1.211200E-001  5.794798E-001  3.454804E-002  4.143300E-001  1.937458E-003  3.536237E-002  2.614044E-001  1.327062E+000
  1.231100E-001  5.515527E-001  3.469251E-002  4.104092E-001  1.799600E-003  3.528886E-002  2.606316E-001  1.294374E+000
  1.251300E-001  5.246931E-001  3.483899E-002  4.064163E-001  1.670552E-003  3.521391E-002  2.598397E-001  1.262672E+000
  1.271800E-001  5.004286E-001  3.498797E-002  4.023877E-001  1.548767E-003  3.513807E-002  2.590435E-001  1.233535E+000
  1.292700E-001  4.774094E-001  3.513980E-002  3.982505E-001  1.434604E-003  3.506037E-002  2.582244E-001  1.205519E+000
  1.314000E-001  4.563323E-001  3.529461E-002  3.940562E-001  1.327679E-003  3.498150E-002  2.573906E-001  1.179383E+000
  1.335600E-001  4.369205E-001  3.545174E-002  3.897918E-001  1.228801E-003  3.490092E-002  2.565524E-001  1.154846E+000
  1.357500E-001  4.189817E-001  3.561103E-002  3.854687E-001  1.137262E-003  3.482047E-002  2.556967E-001  1.131716E+000
  1.379800E-001  4.028665E-001  3.577266E-002  3.810626E-001  1.053334E-003  3.473818E-002  2.548245E-001  1.110318E+000
  1.402500E-001  3.876358E-001  3.593782E-002  3.765856E-001  9.754628E-004  3.465388E-002  2.539388E-001  1.089727E+000
  1.425500E-001  3.744895E-001  3.610483E-002  3.720421E-001  9.056871E-004  3.456864E-002  2.530411E-001  1.071152E+000
  1.448900E-001  3.617742E-001  3.627486E-002  3.674360E-001  8.407570E-004  3.448236E-002  2.521245E-001  1.052933E+000
  1.472700E-001  3.512052E-001  3.644770E-002  3.627373E-001  7.836497E-004  3.439412E-002  2.511942E-001  1.036762E+000
  1.496900E-001  3.409995E-001  3.659656E-002  3.579627E-001  7.307280E-004  3.430889E-002  2.502486E-001  1.020847E+000
  1.521500E-001  3.324508E-001  3.665423E-002  3.531036E-001  6.843258E-004  3.423936E-002  2.492921E-001  1.006424E+000
  1.546500E-001  3.245349E-001  3.671240E-002  3.481756E-001  6.420163E-004  3.416853E-002  2.483165E-001  9.925499E-001
  1.571900E-001  3.179360E-001  3.677156E-002  3.431599E-001  6.048595E-004  3.409651E-002  2.473210E-001  9.798899E-001
  1.597700E-001  3.123744E-001  3.683145E-002  3.380729E-001  5.716986E-004  3.402310E-002  2.463154E-001  9.681890E-001
  1.623900E-001  3.079558E-001  3.689184E-002  3.329026E-001  5.423780E-004  3.394886E-002  2.452930E-001  9.575345E-001
  1.650600E-001  3.053512E-001  3.695404E-002  3.276321E-001  5.168332E-004  3.387306E-002  2.442526E-001  9.485798E-001
  1.677700E-001  3.038258E-001  3.701698E-002  3.222869E-001  4.939944E-004  3.379630E-002  2.431953E-001  9.406153E-001
  1.705300E-001  3.055903E-001  3.708135E-002  3.168403E-001  4.748593E-004  3.371749E-002  2.421129E-001  9.358173E-001
  1.733300E-001  3.082786E-001  3.714591E-002  3.113184E-001  4.574353E-004  3.363841E-002  2.410238E-001  9.318626E-001
  1.761800E-001  3.164333E-001  3.717265E-002  3.056911E-001  4.436202E-004  3.363840E-002  2.399071E-001  9.332862E-001
  1.790700E-001  3.257665E-001  3.717737E-002  2.999916E-001  4.309599E-004  3.368362E-002  2.387802E-001  9.358302E-001
  1.820100E-001  3.413642E-001  3.718144E-002  2.941871E-001  4.212010E-004  3.372926E-002  2.376296E-001  9.445128E-001
  1.850000E-001  3.590824E-001  3.718571E-002  2.882867E-001  4.124891E-004  3.377609E-002  2.364642E-001  9.552076E-001
  1.880400E-001  3.820139E-001  3.719005E-002  2.822890E-001  4.057816E-004  3.382345E-002  2.352762E-001  9.709983E-001
  1.911300E-001  4.072805E-001  3.719498E-002  2.761924E-001  4.001107E-004  3.387140E-002  2.340697E-001  9.890091E-001
  1.942700E-001  4.353618E-001  3.719904E-002  2.699935E-001  3.956341E-004  3.392033E-002  2.328442E-001  1.009714E+000
  1.974600E-001  4.637708E-001  3.720379E-002  2.637025E-001  3.920336E-004  3.397043E-002  2.316012E-001  1.030641E+000
  2.007000E-001  4.918707E-001  3.733474E-002  2.573081E-001  3.889652E-004  3.419701E-002  2.303324E-001  1.051432E+000
  2.040000E-001  5.158057E-001  3.751281E-002  2.546053E-001  3.864269E-004  3.449037E-002  2.283762E-001  1.071177E+000
  2.073500E-001  5.368804E-001  3.769386E-002  2.530426E-001  3.839423E-004  3.478837E-002  2.261893E-001  1.088978E+000
  2.107600E-001  5.486332E-001  3.787774E-002  2.514538E-001  3.815164E-004  3.509205E-002  2.239530E-001  1.097391E+000
  2.142200E-001  5.566914E-001  3.806473E-002  2.498407E-001  3.788681E-004  3.539944E-002  2.216912E-001  1.102066E+000
  2.177400E-001  5.542150E-001  3.825434E-002  2.481989E-001  3.757673E-004  3.571317E-002  2.193872E-001  1.096144E+000
  2.213100E-001  5.483948E-001  3.844748E-002  2.465361E-001  3.722816E-004  3.603085E-002  2.170524E-001  1.086834E+000
  2.249500E-001  5.356312E-001  3.864417E-002  2.448380E-001  3.680467E-004  3.635409E-002  2.146703E-001  1.070506E+000
  2.286400E-001  5.204260E-001  3.884341E-002  2.431216E-001  3.632464E-004  3.668336E-002  2.122580E-001  1.051696E+000
  2.324000E-001  5.020389E-001  3.904630E-002  2.413650E-001  3.576644E-004  3.701762E-002  2.098031E-001  1.029629E+000
  2.362200E-001  4.823867E-001  3.925245E-002  2.395860E-001  3.512999E-004  3.735739E-002  2.072974E-001  1.006231E+000
  2.401000E-001  4.620414E-001  3.946191E-002  2.377762E-001  3.443026E-004  3.770319E-002  2.047601E-001  9.820871E-001
  2.440400E-001  4.414095E-001  3.967442E-002  2.359395E-001  3.363358E-004  3.805354E-002  2.021813E-001  9.575945E-001
  2.480500E-001  4.211745E-001  3.986857E-002  2.340691E-001  3.279703E-004  3.840034E-002  1.995616E-001  9.334021E-001
  2.521200E-001  4.012606E-001  3.997010E-002  2.321706E-001  3.184662E-004  3.862953E-002  1.968948E-001  9.092441E-001
  2.562700E-001  3.820635E-001  4.008061E-002  2.302342E-001  3.088521E-004  3.885054E-002  1.941825E-001  8.857201E-001
  2.604700E-001  3.635682E-001  4.019166E-002  2.282755E-001  2.980219E-004  3.907473E-002  1.914357E-001  8.628439E-001
  2.647500E-001  3.458166E-001  4.030481E-002  2.262822E-001  2.872027E-004  3.930361E-002  1.886351E-001  8.406295E-001
  2.691000E-001  3.288163E-001  4.042040E-002  2.242512E-001  2.755045E-004  3.953553E-002  1.857881E-001  8.190871E-001
  2.735200E-001  3.125436E-001  4.053716E-002  2.221904E-001  2.637657E-004  3.977136E-002  1.828972E-001  7.982035E-001
  2.780200E-001  2.969662E-001  4.065642E-002  2.200930E-001  2.515410E-004  4.001162E-002  1.799541E-001  7.779329E-001
  2.825800E-001  2.821128E-001  4.077737E-002  2.179668E-001  2.392322E-004  4.025445E-002  1.769702E-001  7.583208E-001
  2.872200E-001  2.678743E-001  4.090016E-002  2.158015E-001  2.268506E-004  4.050305E-002  1.739344E-001  7.392402E-001
  2.919400E-001  2.542971E-001  4.102503E-002  2.136010E-001  2.142891E-004  4.075465E-002  1.708460E-001  7.207381E-001
  2.967400E-001  2.412502E-001  4.114853E-002  2.113652E-001  2.020217E-004  4.100879E-002  1.677056E-001  7.026804E-001
  3.016100E-001  2.289328E-001  4.113593E-002  2.090927E-001  1.903373E-004  4.118952E-002  1.645189E-001  6.850602E-001
  3.065700E-001  2.170281E-001  4.112221E-002  2.058446E-001  1.792954E-004  4.137356E-002  1.624025E-001  6.679502E-001
  3.116000E-001  2.058623E-001  4.110878E-002  2.022056E-001  1.688311E-004  4.156015E-002  1.606742E-001  6.515798E-001
  3.167200E-001  1.950422E-001  4.109520E-002  1.984966E-001  1.589743E-004  4.175027E-002  1.589162E-001  6.354594E-001
  3.219200E-001  1.848532E-001  4.108174E-002  1.947331E-001  1.496400E-004  4.194343E-002  1.571305E-001  6.198916E-001
  3.272100E-001  1.750097E-001  4.100740E-002  1.909022E-001  1.408246E-004  4.217895E-002  1.553106E-001  6.045497E-001
  3.325800E-001  1.656824E-001  4.091351E-002  1.870156E-001  1.324617E-004  4.242999E-002  1.534670E-001  5.896410E-001
  3.380500E-001  1.567824E-001  4.081812E-002  1.830557E-001  1.245707E-004  4.268460E-002  1.515905E-001  5.750558E-001
  3.436000E-001  1.483885E-001  4.072156E-002  1.790392E-001  1.171478E-004  4.294390E-002  1.496829E-001  5.608932E-001
  3.492400E-001  1.405406E-001  4.057824E-002  1.749534E-001  1.101649E-004  4.311518E-002  1.477446E-001  5.470422E-001
  3.549800E-001  1.330795E-001  4.040308E-002  1.707988E-001  1.035893E-004  4.323050E-002  1.457738E-001  5.333893E-001
  3.608100E-001  1.262347E-001  4.022566E-002  1.665806E-001  9.740467E-005  4.334840E-002  1.437701E-001  5.202569E-001
  3.667400E-001  1.196460E-001  4.004418E-002  1.622856E-001  9.159008E-005  4.346750E-002  1.417325E-001  5.072673E-001
  3.727600E-001  1.137214E-001  3.986054E-002  1.579276E-001  8.612000E-005  4.358897E-002  1.396661E-001  4.948508E-001
  3.788800E-001  1.079660E-001  3.967361E-002  1.534986E-001  8.098249E-005  4.371232E-002  1.375635E-001  4.824950E-001
  3.851100E-001  1.028333E-001  3.948449E-002  1.489881E-001  7.613697E-005  4.383783E-002  1.354241E-001  4.706439E-001
  3.914300E-001  9.788626E-002  3.929163E-002  1.444113E-001  7.159406E-005  4.396497E-002  1.332527E-001  4.588785E-001
  3.978600E-001  9.339057E-002  3.908454E-002  1.397572E-001  6.731496E-005  4.404066E-002  1.310431E-001  4.473834E-001
  4.044000E-001  8.910132E-002  3.881579E-002  1.350216E-001  6.329085E-005  4.424060E-002  1.287988E-001  4.360414E-001
  4.110400E-001  8.511781E-002  3.854256E-002  1.323654E-001  5.951021E-005  4.444258E-002  1.268442E-001  4.273721E-001
  4.177900E-001  8.142760E-002  3.826455E-002  1.296680E-001  5.595422E-005  4.464879E-002  1.248584E-001  4.189232E-001
  4.246600E-001  7.798362E-002  3.798187E-002  1.269234E-001  5.260728E-005  4.485819E-002  1.228373E-001  4.106370E-001
  4.316300E-001  7.479424E-002  3.769507E-002  1.241396E-001  4.946508E-005  4.507106E-002  1.207885E-001  4.025380E-001
  4.387200E-001  7.172872E-002  3.740357E-002  1.213062E-001  4.650920E-005  4.528752E-002  1.187027E-001  3.944752E-001
  4.459300E-001  6.895419E-002  3.710704E-002  1.184239E-001  4.372719E-005  4.548039E-002  1.165818E-001  3.865911E-001
  4.532500E-001  6.626324E-002  3.680616E-002  1.154990E-001  4.111643E-005  4.559739E-002  1.144282E-001  3.786351E-001
  4.607000E-001  6.377007E-002  3.650010E-002  1.125216E-001  3.865587E-005  4.571576E-002  1.122375E-001  3.707838E-001
  4.682600E-001  6.135153E-002  3.619036E-002  1.095029E-001  3.634789E-005  4.583676E-002  1.100147E-001  3.629326E-001
  4.759600E-001  5.912907E-002  3.587162E-002  1.064251E-001  3.417185E-005  4.598821E-002  1.077481E-001  3.551963E-001
  4.837700E-001  5.698256E-002  3.554720E-002  1.033050E-001  3.213157E-005  4.616584E-002  1.054511E-001  3.474839E-001
  4.917200E-001  5.494122E-002  3.521627E-002  1.001283E-001  3.020952E-005  4.634712E-002  1.031145E-001  3.397776E-001
  4.998000E-001  5.298992E-002  3.489307E-002  9.689858E-002  2.840267E-005  4.649644E-002  1.007378E-001  3.320442E-001
  5.080100E-001  5.112919E-002  3.456672E-002  9.396280E-002  2.670460E-005  4.664031E-002  9.848547E-002  3.248112E-001
  5.163500E-001  4.935381E-002  3.423649E-002  9.197596E-002  2.510841E-005  4.678627E-002  9.667294E-002  3.190506E-001
  5.248300E-001  4.763527E-002  3.389972E-002  8.995700E-002  2.360768E-005  4.693468E-002  9.482936E-002  3.132796E-001
  5.334500E-001  4.601166E-002  3.355828E-002  8.790455E-002  2.219555E-005  4.708642E-002  9.295617E-002  3.075393E-001
  5.422200E-001  4.442878E-002  3.320989E-002  8.581537E-002  2.086799E-005  4.723949E-002  9.105033E-002  3.017647E-001
  5.511200E-001  4.293591E-002  3.289341E-002  8.369607E-002  1.962007E-005  4.724027E-002  8.911510E-002  2.959004E-001
  5.601800E-001  4.147456E-002  3.258154E-002  8.153802E-002  1.844631E-005  4.711019E-002  8.714627E-002  2.898690E-001
  5.693800E-001  4.008886E-002  3.226604E-002  7.934775E-002  1.734261E-005  4.697821E-002  8.514660E-002  2.838448E-001
  5.787300E-001  3.874102E-002  3.194429E-002  7.712057E-002  1.630583E-005  4.684407E-002  8.311410E-002  2.777804E-001
  5.882400E-001  3.745205E-002  3.161714E-002  7.485647E-002  1.533001E-005  4.670758E-002  8.104754E-002  2.716961E-001
  5.979000E-001  3.620660E-002  3.129618E-002  7.255579E-002  1.441321E-005  4.659515E-002  7.894776E-002  2.656159E-001
  6.077200E-001  3.500804E-002  3.097510E-002  7.024635E-002  1.355095E-005  4.649472E-002  7.683310E-002  2.595709E-001
  6.177000E-001  3.385583E-002  3.064967E-002  6.868234E-002  1.274040E-005  4.639264E-002  7.520138E-002  2.547946E-001
  6.278500E-001  3.273913E-002  3.033369E-002  6.709051E-002  1.197804E-005  4.625618E-002  7.354244E-002  2.499739E-001
  6.381600E-001  3.167227E-002  3.001850E-002  6.547314E-002  1.126129E-005  4.610345E-002  7.185626E-002  2.451349E-001
  6.486400E-001  3.063234E-002  2.971316E-002  6.383052E-002  1.058786E-005  4.598690E-002  7.014374E-002  2.403172E-001
  6.593000E-001  2.964275E-002  2.940624E-002  6.215858E-002  9.953606E-006  4.588017E-002  6.840055E-002  2.354983E-001
  6.701300E-001  2.867574E-002  2.909543E-002  6.046085E-002  9.358130E-006  4.577207E-002  6.663017E-002  2.306436E-001
  6.811300E-001  2.775648E-002  2.877926E-002  5.873632E-002  8.798111E-006  4.566120E-002  6.483217E-002  2.257742E-001
  6.923200E-001  2.685937E-002  2.846312E-002  5.698151E-002  8.271613E-006  4.556184E-002  6.300253E-002  2.208766E-001
  7.036900E-001  2.600096E-002  2.815591E-002  5.519899E-002  7.776418E-006  4.543074E-002  6.114320E-002  2.159376E-001
  7.152500E-001  2.516800E-002  2.784197E-002  5.367476E-002  7.310743E-006  4.527662E-002  5.949881E-002  2.114675E-001
  7.270000E-001  2.436639E-002  2.752291E-002  5.235953E-002  6.873024E-006  4.512070E-002  5.802571E-002  2.074021E-001
  7.389400E-001  2.359283E-002  2.719917E-002  5.102319E-002  6.461483E-006  4.496188E-002  5.652906E-002  2.033126E-001
  7.510800E-001  2.284381E-002  2.689550E-002  4.966472E-002  6.074507E-006  4.485401E-002  5.500722E-002  1.992713E-001
  7.634200E-001  2.212469E-002  2.658691E-002  4.828345E-002  5.710558E-006  4.474415E-002  5.346020E-002  1.952051E-001
  7.759600E-001  2.142489E-002  2.626500E-002  4.687991E-002  5.368634E-006  4.452810E-002  5.188968E-002  1.909929E-001
  7.887000E-001  2.075667E-002  2.593134E-002  4.545440E-002  5.046982E-006  4.421842E-002  5.029174E-002  1.866576E-001
  8.016600E-001  2.010260E-002  2.561822E-002  4.400373E-002  4.744622E-006  4.395457E-002  4.866771E-002  1.823516E-001
  8.148300E-001  1.947988E-002  2.529972E-002  4.266188E-002  4.460199E-006  4.368595E-002  4.714814E-002  1.782800E-001
  8.282100E-001  1.887155E-002  2.497618E-002  4.155284E-002  4.193099E-006  4.341304E-002  4.585790E-002  1.746757E-001
  8.418100E-001  1.828912E-002  2.465645E-002  4.042620E-002  3.941815E-006  4.315268E-002  4.454653E-002  1.710749E-001
  8.556400E-001  1.772244E-002  2.432101E-002  3.928002E-002  3.705535E-006  4.282235E-002  4.321269E-002  1.673622E-001
  8.697000E-001  1.717686E-002  2.397531E-002  3.811480E-002  3.483307E-006  4.247122E-002  4.185751E-002  1.635992E-001
  8.839800E-001  1.664918E-002  2.362467E-002  3.693132E-002  3.274528E-006  4.211564E-002  4.048025E-002  1.598043E-001
  8.985000E-001  1.613837E-002  2.329069E-002  3.572833E-002  3.078212E-006  4.179130E-002  3.908041E-002  1.560322E-001
  9.132600E-001  1.564639E-002  2.295651E-002  3.453844E-002  2.893557E-006  4.146930E-002  3.768879E-002  1.523023E-001
  9.282600E-001  1.516788E-002  2.261101E-002  3.363083E-002  2.720069E-006  4.101931E-002  3.656068E-002  1.489924E-001
  9.435100E-001  1.470903E-002  2.226992E-002  3.270839E-002  2.556849E-006  4.052502E-002  3.541398E-002  1.456289E-001
  9.590100E-001  1.426046E-002  2.193690E-002  3.177050E-002  2.403502E-006  4.004215E-002  3.424865E-002  1.422611E-001
  9.747600E-001  1.383243E-002  2.159815E-002  3.081731E-002  2.259245E-006  3.955179E-002  3.306435E-002  1.388663E-001
  9.907700E-001  1.341376E-002  2.126376E-002  2.984879E-002  2.123708E-006  3.906624E-002  3.186048E-002  1.354552E-001
  1.007000E+000  1.301356E-002  2.092547E-002  2.886683E-002  1.996544E-006  3.856032E-002  3.063991E-002  1.320081E-001
  1.023600E+000  1.262126E-002  2.057818E-002  2.801270E-002  1.876295E-006  3.803902E-002  2.953356E-002  1.287866E-001
  1.040400E+000  1.224506E-002  2.023547E-002  2.723930E-002  1.763731E-006  3.752252E-002  2.849929E-002  1.257434E-001
  1.057500E+000  1.187963E-002  1.990097E-002  2.645230E-002  1.657747E-006  3.701580E-002  2.744710E-002  1.226974E-001
  1.074900E+000  1.152573E-002  1.954456E-002  2.565153E-002  1.558027E-006  3.650406E-002  2.637627E-002  1.196037E-001
  1.092500E+000  1.118548E-002  1.917712E-002  2.484146E-002  1.464734E-006  3.600548E-002  2.529310E-002  1.165041E-001
  1.110500E+000  1.085280E-002  1.881113E-002  2.401295E-002  1.376487E-006  3.550794E-002  2.418527E-002  1.133715E-001
  1.128700E+000  1.053449E-002  1.844105E-002  2.332538E-002  1.293931E-006  3.500442E-002  2.324082E-002  1.105475E-001
  1.147200E+000  1.022362E-002  1.809066E-002  2.267258E-002  1.216364E-006  3.449924E-002  2.233428E-002  1.078216E-001
  1.166100E+000  9.924254E-003  1.775818E-002  2.200543E-002  1.143007E-006  3.396396E-002  2.140796E-002  1.050609E-001
  1.185200E+000  9.633084E-003  1.742550E-002  2.133142E-002  1.074500E-006  3.342675E-002  2.047209E-002  1.022899E-001
  1.204700E+000  9.352718E-003  1.709911E-002  2.064334E-002  1.009777E-006  3.289365E-002  1.951687E-002  9.950669E-002
  1.224500E+000  9.079312E-003  1.677907E-002  2.000718E-002  9.490297E-007  3.235030E-002  1.862984E-002  9.684666E-002
  1.244600E+000  8.816297E-003  1.647791E-002  1.944907E-002  8.919797E-007  3.180700E-002  1.784688E-002  9.439806E-002
  1.265100E+000  8.559757E-003  1.617520E-002  1.887968E-002  8.381807E-007  3.125814E-002  1.704825E-002  9.192188E-002
  1.285800E+000  8.313281E-003  1.587348E-002  1.830486E-002  7.879289E-007  3.070860E-002  1.624170E-002  8.944270E-002
  1.307000E+000  8.072700E-003  1.556549E-002  1.771623E-002  7.403379E-007  3.014992E-002  1.541580E-002  8.692088E-002
  1.328400E+000  7.840660E-003  1.525267E-002  1.717700E-002  6.959185E-007  2.958486E-002  1.467689E-002  8.453278E-002
  1.350200E+000  7.616359E-003  1.494569E-002  1.668362E-002  6.540514E-007  2.902130E-002  1.401986E-002  8.228749E-002
  1.372400E+000  7.397057E-003  1.463498E-002  1.618115E-002  6.146390E-007  2.844935E-002  1.335055E-002  8.001370E-002
  1.395000E+000  7.186046E-003  1.432952E-002  1.566951E-002  5.775261E-007  2.787889E-002  1.266941E-002  7.773396E-002
  1.417900E+000  6.980190E-003  1.402279E-002  1.515127E-002  5.427696E-007  2.730283E-002  1.197901E-002  7.543663E-002
  1.441200E+000  6.782587E-003  1.371842E-002  1.471208E-002  5.100426E-007  2.673054E-002  1.143963E-002  7.338376E-002
  1.464800E+000  6.589984E-003  1.342842E-002  1.427206E-002  4.794049E-007  2.620724E-002  1.090281E-002  7.140100E-002
  1.488900E+000  6.403607E-003  1.313694E-002  1.382274E-002  4.504626E-007  2.567841E-002  1.035429E-002  6.939643E-002
  1.513400E+000  6.222042E-003  1.284513E-002  1.336596E-002  4.232626E-007  2.514370E-002  9.796751E-003  6.737400E-002
  1.538200E+000  6.047176E-003  1.255993E-002  1.295123E-002  3.978009E-007  2.461167E-002  9.319914E-003  6.549031E-002
  1.563500E+000  5.876820E-003  1.227289E-002  1.254807E-002  3.737812E-007  2.407242E-002  8.869809E-003  6.364038E-002
  1.589200E+000  5.711520E-003  1.198669E-002  1.213843E-002  3.512180E-007  2.352490E-002  8.412638E-003  6.177452E-002
  1.615300E+000  5.551830E-003  1.171248E-002  1.172238E-002  3.300307E-007  2.293807E-002  7.948317E-003  5.987341E-002
  1.641800E+000  5.396317E-003  1.143867E-002  1.134499E-002  3.101451E-007  2.234559E-002  7.540562E-003  5.806644E-002
  1.668800E+000  5.246148E-003  1.116634E-002  1.097592E-002  2.913990E-007  2.174736E-002  7.147428E-003  5.628349E-002
  1.696200E+000  5.099401E-003  1.090714E-002  1.060157E-002  2.738230E-007  2.115473E-002  6.748371E-003  5.451148E-002
  1.724000E+000  4.958793E-003  1.064551E-002  1.022266E-002  2.573186E-007  2.055460E-002  6.344845E-003  5.272666E-002
  1.752400E+000  4.820422E-003  1.038598E-002  9.899736E-003  2.417403E-007  1.997544E-002  6.009346E-003  5.109117E-002
  1.781100E+000  4.687916E-003  1.012728E-002  9.573422E-003  2.271774E-007  1.941407E-002  5.670300E-003  4.947321E-002
  1.810400E+000  4.558000E-003  9.866665E-003  9.240255E-003  2.134360E-007  1.884407E-002  5.324251E-003  4.783345E-002
  1.840100E+000  4.432772E-003  9.607148E-003  8.935020E-003  2.005525E-007  1.831691E-002  5.009874E-003  4.630192E-002
  1.870400E+000  4.310529E-003  9.344310E-003  8.655625E-003  1.884025E-007  1.778069E-002  4.725184E-003  4.481653E-002
  1.901100E+000  4.192256E-003  9.089769E-003  8.372705E-003  1.770227E-007  1.726155E-002  4.436652E-003  4.335311E-002
  1.932300E+000  4.077680E-003  8.839297E-003  8.095768E-003  1.663270E-007  1.675306E-002  4.155267E-003  4.192124E-002
  1.964100E+000  3.965739E-003  8.590456E-003  7.860809E-003  1.562527E-007  1.624316E-002  3.920825E-003  4.058115E-002
  1.996300E+000  3.858068E-003  8.363422E-003  7.622992E-003  1.468160E-007  1.576229E-002  3.683410E-003  3.929033E-002
  2.029100E+000  3.752509E-003  8.133967E-003  7.381783E-003  1.379348E-007  1.527319E-002  3.443446E-003  3.798504E-002
  2.062400E+000  3.651090E-003  7.925978E-003  7.165691E-003  1.295915E-007  1.481144E-002  3.250316E-003  3.680465E-002
  2.096300E+000  3.551583E-003  7.720873E-003  6.945724E-003  1.217453E-007  1.434812E-002  3.053740E-003  3.562016E-002
  2.130700E+000  3.455896E-003  7.527378E-003  6.724661E-003  1.143807E-007  1.389956E-002  2.855643E-003  3.446325E-002
  2.165700E+000  3.362267E-003  7.338736E-003  6.556054E-003  1.074565E-007  1.345460E-002  2.691368E-003  3.340313E-002
  2.201300E+000  3.271673E-003  7.156022E-003  6.384561E-003  1.009431E-007  1.301636E-002  2.524293E-003  3.235300E-002
  2.237500E+000  3.183450E-003  6.977536E-003  6.216692E-003  9.482179E-008  1.258263E-002  2.360673E-003  3.132107E-002
  2.274200E+000  3.098045E-003  6.802131E-003  6.075977E-003  8.908474E-008  1.215396E-002  2.223204E-003  3.035340E-002
  2.311600E+000  3.014899E-003  6.629333E-003  5.932593E-003  8.367972E-008  1.172955E-002  2.083132E-003  2.938960E-002
  2.349600E+000  2.934000E-003  6.460085E-003  5.790436E-003  7.860462E-008  1.131053E-002  1.953363E-003  2.844849E-002
  2.388100E+000  2.855980E-003  6.294273E-003  5.650545E-003  7.385004E-008  1.089865E-002  1.837143E-003  2.753666E-002
  2.427400E+000  2.779407E-003  6.131773E-003  5.507768E-003  6.936495E-008  1.049243E-002  1.718565E-003  2.663001E-002
  2.467200E+000  2.705841E-003  5.973002E-003  5.373626E-003  6.516450E-008  1.009205E-002  1.616275E-003  2.576086E-002
  2.507800E+000  2.633545E-003  5.819664E-003  5.238850E-003  6.120539E-008  9.700120E-003  1.515432E-003  2.490767E-002
  2.549000E+000  2.564002E-003  5.669156E-003  5.107318E-003  5.749003E-008  9.310123E-003  1.419056E-003  2.406971E-002
  2.590800E+000  2.496094E-003  5.526246E-003  4.984555E-003  5.400710E-008  8.932902E-003  1.333334E-003  2.327319E-002
  2.633400E+000  2.430302E-003  5.384199E-003  4.859379E-003  5.072564E-008  8.552982E-003  1.245965E-003  2.247288E-002
  2.676600E+000  2.366310E-003  5.248846E-003  4.743990E-003  4.764987E-008  8.184161E-003  1.171066E-003  2.171442E-002
  2.720600E+000  2.304136E-003  5.115176E-003  4.627591E-003  4.475416E-008  7.816007E-003  1.095943E-003  2.095890E-002
  2.765300E+000  2.243759E-003  4.984668E-003  4.514295E-003  4.203530E-008  7.452796E-003  1.027211E-003  2.022277E-002
  2.810700E+000  2.185123E-003  4.857533E-003  4.402476E-003  3.948257E-008  7.097698E-003  9.624103E-004  1.950528E-002
  2.856900E+000  2.128366E-003  4.731561E-003  4.292331E-003  3.708155E-008  6.743820E-003  9.003850E-004  1.879650E-002
  2.903800E+000  2.073111E-003  4.609254E-003  4.186537E-003  3.482927E-008  6.402425E-003  8.441355E-004  1.811550E-002
  2.951500E+000  2.020154E-003  4.488623E-003  4.081072E-003  3.271167E-008  6.068123E-003  7.888749E-004  1.744688E-002
  3.000000E+000  1.968346E-003  4.369397E-003  3.981253E-003  3.072223E-008  5.738645E-003  7.397823E-004  1.679745E-002
  3.015900E+000  1.952158E-003  4.332108E-003  3.948532E-003  3.010292E-008  5.637154E-003  7.236869E-004  1.659367E-002
  3.032000E+000  1.936120E-003  4.294385E-003  3.915431E-003  2.949199E-008  5.534480E-003  7.073921E-004  1.638784E-002
  3.048100E+000  1.920450E-003  4.256616E-003  3.883192E-003  2.889630E-008  5.431612E-003  6.919307E-004  1.618383E-002
  3.064300E+000  1.905093E-003  4.219750E-003  3.852654E-003  2.831236E-008  5.331736E-003  6.780213E-004  1.598728E-002
  3.080600E+000  1.890104E-003  4.183189E-003  3.821860E-003  2.773938E-008  5.232422E-003  6.640255E-004  1.579163E-002
  3.096900E+000  1.875687E-003  4.147272E-003  3.791093E-003  2.718099E-008  5.134894E-003  6.500330E-004  1.559901E-002
  3.113400E+000  1.861737E-003  4.111695E-003  3.759949E-003  2.662999E-008  5.037687E-003  6.358579E-004  1.540695E-002
  3.130000E+000  1.848597E-003  4.076524E-003  3.728592E-003  2.608964E-008  4.941156E-003  6.216066E-004  1.521650E-002
  3.146600E+000  1.836627E-003  4.042574E-003  3.697979E-003  2.556311E-008  4.846244E-003  6.076663E-004  1.503111E-002
  3.163300E+000  1.826316E-003  4.009634E-003  3.671109E-003  2.504676E-008  4.751826E-003  5.954501E-004  1.485436E-002
  3.180100E+000  1.818682E-003  3.977583E-003  3.644106E-003  2.454004E-008  4.657350E-003  5.831616E-004  1.468091E-002
  3.197000E+000  1.815507E-003  3.949552E-003  3.616926E-003  2.404342E-008  4.562472E-003  5.707906E-004  1.451527E-002
  3.214000E+000  1.821264E-003  3.930086E-003  3.589618E-003  2.355682E-008  4.465228E-003  5.583591E-004  1.436458E-002
  3.231100E+000  1.844525E-003  3.925399E-003  3.562109E-003  2.307963E-008  4.364466E-003  5.458485E-004  1.424237E-002
  3.248300E+000  1.906398E-003  3.914214E-003  3.534217E-003  2.261265E-008  4.288042E-003  5.335546E-004  1.417645E-002
  3.265500E+000  2.019986E-003  3.895633E-003  3.504878E-003  2.216029E-008  4.212187E-003  5.228189E-004  1.415552E-002
  3.282900E+000  2.057437E-003  3.873514E-003  3.475140E-003  2.171623E-008  4.113084E-003  5.119564E-004  1.403115E-002
  3.300300E+000  1.923093E-003  3.885698E-003  3.445472E-003  2.127828E-008  4.019129E-003  5.011002E-004  1.377451E-002
  3.317900E+000  1.810071E-003  3.917512E-003  3.415460E-003  2.084374E-008  3.927553E-003  4.901128E-004  1.356073E-002
  3.335500E+000  1.756070E-003  3.934367E-003  3.385394E-003  2.042044E-008  3.840282E-003  4.791246E-004  1.339526E-002
  3.353200E+000  1.743849E-003  4.001492E-003  3.357177E-003  2.000592E-008  3.753250E-003  4.686151E-004  1.332440E-002
  3.371100E+000  1.793106E-003  4.127832E-003  3.332427E-003  1.959908E-008  3.665689E-003  4.590130E-004  1.337809E-002
  3.389000E+000  1.780887E-003  4.119590E-003  3.307653E-003  1.920404E-008  3.619253E-003  4.494040E-004  1.327681E-002
  3.407000E+000  1.783354E-003  4.134733E-003  3.282707E-003  1.882077E-008  3.600621E-003  4.397430E-004  1.324118E-002
  3.425100E+000  1.792990E-003  4.173598E-003  3.257672E-003  1.845948E-008  3.635599E-003  4.300343E-004  1.328991E-002
  3.443300E+000  1.718543E-003  4.071423E-003  3.232516E-003  1.808376E-008  3.607795E-003  4.202721E-004  1.305057E-002
  3.461600E+000  1.691350E-003  3.938717E-003  3.204003E-003  1.771784E-008  3.557546E-003  4.114062E-004  1.280304E-002
  3.480000E+000  1.685101E-003  3.898047E-003  3.174038E-003  1.735979E-008  3.519986E-003  4.028824E-004  1.268007E-002
  3.498500E+000  1.655902E-003  3.816881E-003  3.143973E-003  1.700836E-008  3.492908E-003  3.943110E-004  1.250399E-002
  3.517100E+000  1.616226E-003  3.697640E-003  3.113738E-003  1.666670E-008  3.473802E-003  3.856894E-004  1.228711E-002
  3.535800E+000  1.559702E-003  3.519280E-003  3.083325E-003  1.632588E-008  3.418961E-003  3.770298E-004  1.195831E-002
  3.554600E+000  1.524118E-003  3.380564E-003  3.054014E-003  1.599160E-008  3.355147E-003  3.685966E-004  1.168246E-002
  3.573500E+000  1.500663E-003  3.304512E-003  3.028593E-003  1.566548E-008  3.279118E-003  3.609966E-004  1.147390E-002
  3.592500E+000  1.482563E-003  3.253621E-003  3.003090E-003  1.534649E-008  3.208417E-003  3.533466E-004  1.130105E-002
  3.611500E+000  1.466959E-003  3.211105E-003  2.977573E-003  1.503622E-008  3.140481E-003  3.457042E-004  1.114184E-002
  3.630700E+000  1.452562E-003  3.175821E-003  2.951735E-003  1.473100E-008  3.076640E-003  3.379755E-004  1.099475E-002
  3.650000E+000  1.438961E-003  3.143050E-003  2.925836E-003  1.443188E-008  3.015383E-003  3.302086E-004  1.085345E-002
  3.669400E+000  1.425859E-003  3.111880E-003  2.902096E-003  1.413918E-008  2.955630E-003  3.233626E-004  1.071884E-002
  3.688900E+000  1.413159E-003  3.082726E-003  2.878515E-003  1.385243E-008  2.899059E-003  3.165509E-004  1.059002E-002
  3.708500E+000  1.400748E-003  3.054191E-003  2.854814E-003  1.357159E-008  2.843614E-003  3.097098E-004  1.046309E-002
  3.728300E+000  1.388501E-003  3.026211E-003  2.830829E-003  1.329520E-008  2.789141E-003  3.027988E-004  1.033749E-002
  3.748100E+000  1.376521E-003  2.999334E-003  2.806857E-003  1.302582E-008  2.737039E-003  2.958890E-004  1.021565E-002
  3.768000E+000  1.364728E-003  2.972775E-003  2.784079E-003  1.276205E-008  2.685702E-003  2.896082E-004  1.009690E-002
  3.788000E+000  1.353102E-003  2.946754E-003  2.761597E-003  1.250357E-008  2.635761E-003  2.835170E-004  9.980743E-003
  3.808100E+000  1.341608E-003  2.921169E-003  2.739018E-003  1.225061E-008  2.587106E-003  2.773913E-004  9.866303E-003
  3.828400E+000  1.330213E-003  2.895774E-003  2.716228E-003  1.200141E-008  2.538854E-003  2.712090E-004  9.752290E-003
  3.848700E+000  1.318991E-003  2.871034E-003  2.693431E-003  1.175866E-008  2.492268E-003  2.650297E-004  9.640766E-003
  3.869200E+000  1.307848E-003  2.846465E-003  2.671554E-003  1.151975E-008  2.446365E-003  2.593505E-004  9.531594E-003
  3.889700E+000  1.296889E-003  2.822264E-003  2.650188E-003  1.128693E-008  2.401313E-003  2.538914E-004  9.424556E-003
  3.910400E+000  1.285988E-003  2.798416E-003  2.628565E-003  1.105779E-008  2.357501E-003  2.483759E-004  9.318856E-003
  3.931200E+000  1.275201E-003  2.774846E-003  2.606873E-003  1.083328E-008  2.314156E-003  2.428362E-004  9.213924E-003
  3.952100E+000  1.264528E-003  2.751474E-003  2.585036E-003  1.061368E-008  2.271663E-003  2.372701E-004  9.109982E-003
  3.973100E+000  1.253968E-003  2.728568E-003  2.564450E-003  1.039850E-008  2.230264E-003  2.322326E-004  9.009494E-003
  3.994200E+000  1.243523E-003  2.705822E-003  2.544057E-003  1.018767E-008  2.189325E-003  2.272968E-004  8.910033E-003
  4.015400E+000  1.233173E-003  2.683380E-003  2.523560E-003  9.981320E-009  2.149362E-003  2.223377E-004  8.811822E-003
  4.036800E+000  1.222884E-003  2.661185E-003  2.502846E-003  9.778321E-009  2.109970E-003  2.173284E-004  8.714223E-003
  4.058200E+000  1.212746E-003  2.639242E-003  2.482217E-003  9.580536E-009  2.071185E-003  2.123453E-004  8.617744E-003
  4.079800E+000  1.202662E-003  2.617573E-003  2.462721E-003  9.385841E-009  2.033373E-003  2.078969E-004  8.524236E-003
  4.101500E+000  1.192683E-003  2.596144E-003  2.443118E-003  9.195260E-009  1.996030E-003  2.034302E-004  8.431414E-003
  4.123300E+000  1.182805E-003  2.574890E-003  2.423454E-003  9.008746E-009  1.959282E-003  1.989419E-004  8.339383E-003
  4.145200E+000  1.173024E-003  2.554035E-003  2.403674E-003  8.826146E-009  1.923486E-003  1.944333E-004  8.248661E-003
  4.167200E+000  1.163349E-003  2.533255E-003  2.384363E-003  8.647249E-009  1.888091E-003  1.901025E-004  8.159169E-003
  4.189400E+000  1.153710E-003  2.512734E-003  2.365748E-003  8.471339E-009  1.853275E-003  1.860628E-004  8.071538E-003
  4.211700E+000  1.144185E-003  2.492497E-003  2.347065E-003  8.299212E-009  1.819179E-003  1.820008E-004  7.984936E-003
  4.234000E+000  1.134790E-003  2.472390E-003  2.328379E-003  8.131399E-009  1.785573E-003  1.779442E-004  7.899085E-003
  4.256500E+000  1.125451E-003  2.452614E-003  2.309519E-003  7.966422E-009  1.752704E-003  1.738473E-004  7.814144E-003
  4.279200E+000  1.116167E-003  2.432944E-003  2.291535E-003  7.804137E-009  1.720204E-003  1.701121E-004  7.730970E-003
  4.301900E+000  1.107015E-003  2.413473E-003  2.273755E-003  7.646084E-009  1.688231E-003  1.664569E-004  7.648937E-003
  4.324800E+000  1.097917E-003  2.394302E-003  2.255819E-003  7.490571E-009  1.657028E-003  1.627695E-004  7.567842E-003
  4.347700E+000  1.088956E-003  2.375320E-003  2.237877E-003  7.339135E-009  1.626319E-003  1.590820E-004  7.487561E-003
  4.370900E+000  1.080000E-003  2.356411E-003  2.220265E-003  7.189485E-009  1.595868E-003  1.555081E-004  7.408060E-003
  4.394100E+000  1.071182E-003  2.337875E-003  2.203539E-003  7.043683E-009  1.566271E-003  1.521845E-004  7.331059E-003
  4.417400E+000  1.062450E-003  2.319430E-003  2.186748E-003  6.901012E-009  1.537005E-003  1.488490E-004  7.254488E-003
  4.440900E+000  1.053765E-003  2.301157E-003  2.169803E-003  6.760722E-009  1.508272E-003  1.454804E-004  7.178483E-003
  4.464500E+000  1.045184E-003  2.283106E-003  2.152854E-003  6.623405E-009  1.480059E-003  1.421207E-004  7.103330E-003
  4.488200E+000  1.036687E-003  2.265174E-003  2.136807E-003  6.489056E-009  1.452181E-003  1.391039E-004  7.029960E-003
  4.512100E+000  1.028241E-003  2.247526E-003  2.120621E-003  6.357016E-009  1.424944E-003  1.360612E-004  6.957401E-003
  4.536100E+000  1.019887E-003  2.229973E-003  2.104377E-003  6.227747E-009  1.398080E-003  1.330064E-004  6.885331E-003
  4.560200E+000  1.011619E-003  2.212599E-003  2.088056E-003  6.101272E-009  1.371591E-003  1.299378E-004  6.813809E-003
  4.584400E+000  1.003441E-003  2.195525E-003  2.072707E-003  5.977453E-009  1.345824E-003  1.271177E-004  6.744621E-003
  4.608800E+000  9.953107E-004  2.178460E-003  2.057457E-003  5.855882E-009  1.320248E-003  1.243337E-004  6.675815E-003
  4.633300E+000  9.872757E-004  2.161584E-003  2.042166E-003  5.736882E-009  1.295208E-003  1.215379E-004  6.607776E-003
  4.657900E+000  9.793234E-004  2.144966E-003  2.026806E-003  5.620347E-009  1.270693E-003  1.187318E-004  6.540525E-003
  4.682700E+000  9.714255E-004  2.128374E-003  2.011947E-003  5.506009E-009  1.246338E-003  1.161018E-004  6.474192E-003
  4.707600E+000  9.636163E-004  2.112039E-003  1.997380E-003  5.393984E-009  1.222654E-003  1.135627E-004  6.409258E-003
  4.732600E+000  9.558953E-004  2.095868E-003  1.982741E-003  5.284389E-009  1.199332E-003  1.110126E-004  6.344855E-003
  4.757700E+000  9.482541E-004  2.079812E-003  1.968043E-003  5.177261E-009  1.176282E-003  1.084552E-004  6.280851E-003
  4.783000E+000  9.406655E-004  2.063969E-003  1.953808E-003  5.071946E-009  1.153870E-003  1.060384E-004  6.218356E-003
  4.808400E+000  9.331717E-004  2.048235E-003  1.939886E-003  4.968883E-009  1.131704E-003  1.037181E-004  6.156720E-003
  4.834000E+000  9.257292E-004  2.032596E-003  1.925857E-003  4.867645E-009  1.109840E-003  1.013799E-004  6.095407E-003
  4.859700E+000  9.183759E-004  2.017170E-003  1.911782E-003  4.768610E-009  1.088514E-003  9.903086E-005  6.034877E-003
  4.885500E+000  9.111093E-004  2.001875E-003  1.898217E-003  4.671743E-009  1.067459E-003  9.682842E-005  5.975494E-003
  4.911500E+000  9.038962E-004  1.986716E-003  1.884880E-003  4.576590E-009  1.046813E-003  9.469534E-005  5.917006E-003
  4.937600E+000  8.967736E-004  1.971701E-003  1.871490E-003  4.483512E-009  1.026586E-003  9.255526E-005  5.859110E-003
  4.963800E+000  8.897344E-004  1.956829E-003  1.858039E-003  4.392423E-009  1.006601E-003  9.040581E-005  5.801614E-003
  4.990200E+000  8.827606E-004  1.942146E-003  1.846763E-003  4.302978E-009  9.871133E-004  8.822002E-005  5.747008E-003
  5.016700E+000  8.758676E-004  1.927564E-003  1.836211E-003  4.215496E-009  9.679051E-004  8.602225E-005  5.693574E-003
  5.043400E+000  8.690432E-004  1.913060E-003  1.825578E-003  4.129585E-009  9.489458E-004  8.380811E-005  5.640439E-003
  5.070200E+000  8.623035E-004  1.898763E-003  1.814900E-003  4.045553E-009  9.305125E-004  8.158277E-005  5.588066E-003
  5.097100E+000  8.556498E-004  1.884597E-003  1.805654E-003  3.963320E-009  9.122948E-004  7.976743E-005  5.537967E-003
  5.124200E+000  8.490685E-004  1.870525E-003  1.796439E-003  3.882645E-009  8.944174E-004  7.796923E-005  5.488423E-003
  5.151500E+000  8.425567E-004  1.856604E-003  1.787158E-003  3.803362E-009  8.768884E-004  7.615838E-005  5.439370E-003
  5.178800E+000  8.361594E-004  1.842830E-003  1.777996E-003  3.726138E-009  8.596362E-004  7.438215E-005  5.391007E-003
  5.206400E+000  8.298131E-004  1.829155E-003  1.769165E-003  3.650044E-009  8.427371E-004  7.273156E-005  5.343605E-003
  5.234000E+000  8.235813E-004  1.815657E-003  1.760336E-003  3.575873E-009  8.261819E-004  7.108071E-005  5.296840E-003
  5.261800E+000  8.174316E-004  1.802221E-003  1.751442E-003  3.503048E-009  8.098218E-004  6.941809E-005  5.250338E-003
  5.289800E+000  8.113614E-004  1.788990E-003  1.742909E-003  3.431609E-009  7.938880E-004  6.782915E-005  5.204980E-003
  5.317900E+000  8.054017E-004  1.775866E-003  1.734735E-003  3.361703E-009  7.781578E-004  6.631048E-005  5.160474E-003
  5.346200E+000  7.995262E-004  1.762813E-003  1.726486E-003  3.293116E-009  7.626740E-004  6.478093E-005  5.116283E-003
  5.374600E+000  7.937708E-004  1.749948E-003  1.718230E-003  3.225971E-009  7.476230E-004  6.324642E-005  5.072821E-003
  5.403200E+000  7.881156E-004  1.737133E-003  1.710489E-003  3.160145E-009  7.326874E-004  6.183108E-005  5.030259E-003
  5.431900E+000  7.825887E-004  1.724506E-003  1.702759E-003  3.095735E-009  7.181205E-004  6.042104E-005  4.988398E-003
  5.460800E+000  7.771788E-004  1.712019E-003  1.694980E-003  3.032509E-009  7.038233E-004  5.899979E-005  4.947004E-003
  5.489800E+000  7.719098E-004  1.699620E-003  1.687726E-003  2.970693E-009  6.896996E-004  5.762745E-005  4.906586E-003
  5.519000E+000  7.667913E-004  1.687389E-003  1.681212E-003  2.910014E-009  6.760087E-004  5.632100E-005  4.867725E-003
  5.548300E+000  7.618377E-004  1.675259E-003  1.674679E-003  2.850686E-009  6.624921E-004  5.501045E-005  4.829281E-003
  5.577800E+000  7.570611E-004  1.663266E-003  1.668101E-003  2.792430E-009  6.491492E-004  5.369032E-005  4.791270E-003
  5.607400E+000  7.524954E-004  1.651480E-003  1.662155E-003  2.735485E-009  6.362101E-004  5.247475E-005  4.754818E-003
  5.637200E+000  7.481544E-004  1.639793E-003  1.656204E-003  2.679614E-009  6.234011E-004  5.125755E-005  4.718813E-003
  5.667200E+000  7.440752E-004  1.628255E-003  1.650203E-003  2.624757E-009  6.108315E-004  5.003217E-005  4.683401E-003
  5.697300E+000  7.403054E-004  1.616901E-003  1.645914E-003  2.571156E-009  5.985581E-004  4.885627E-005  4.650537E-003
  5.727600E+000  7.368998E-004  1.605674E-003  1.643038E-003  2.518542E-009  5.864236E-004  4.771863E-005  4.619756E-003
  5.758000E+000  7.339442E-004  1.594717E-003  1.640138E-003  2.467084E-009  5.746223E-004  4.657776E-005  4.590002E-003
  5.788600E+000  7.315009E-004  1.583958E-003  1.638688E-003  2.416593E-009  5.629922E-004  4.544828E-005  4.562589E-003
  5.819400E+000  7.297384E-004  1.573358E-003  1.642951E-003  2.367053E-009  5.515158E-004  4.438847E-005  4.541955E-003
  5.850300E+000  7.287978E-004  1.563218E-003  1.647213E-003  2.318580E-009  5.403598E-004  4.332489E-005  4.522916E-003
  5.881400E+000  7.289326E-004  1.553336E-003  1.651535E-003  2.271073E-009  5.293269E-004  4.225496E-005  4.505388E-003
  5.912700E+000  7.304754E-004  1.543852E-003  1.660156E-003  2.224460E-009  5.184659E-004  4.128721E-005  4.494239E-003
  5.944100E+000  7.338544E-004  1.535117E-003  1.669178E-003  2.178888E-009  5.079278E-004  4.032600E-005  4.486405E-003
  5.975700E+000  7.398674E-004  1.526980E-003  1.678249E-003  2.134246E-009  4.974607E-004  3.935897E-005  4.481919E-003
  6.007400E+000  7.493222E-004  1.520048E-003  1.688888E-003  2.090619E-009  4.872667E-004  3.846017E-005  4.483987E-003
  6.039400E+000  7.640034E-004  1.514676E-003  1.700288E-003  2.047842E-009  4.772588E-004  3.758510E-005  4.493814E-003
  6.071500E+000  7.858022E-004  1.510616E-003  1.711727E-003  2.006268E-009  4.674168E-004  3.670641E-005  4.512270E-003
  6.103700E+000  8.176662E-004  1.508704E-003  1.724460E-003  1.966053E-009  4.579789E-004  3.586185E-005  4.544673E-003
  6.136200E+000  8.632403E-004  1.508846E-003  1.738471E-003  1.927344E-009  4.486869E-004  3.504187E-005  4.594288E-003
  6.168800E+000  9.226072E-004  1.511126E-003  1.752514E-003  1.890775E-009  4.395817E-004  3.421931E-005  4.660050E-003
  6.201600E+000  9.868818E-004  1.514491E-003  1.761015E-003  1.856717E-009  4.311176E-004  3.341065E-005  4.726918E-003
  6.234500E+000  1.028242E-003  1.513164E-003  1.761306E-003  1.824564E-009  4.228999E-004  3.262554E-005  4.758240E-003
  6.267700E+000  1.015202E-003  1.501683E-003  1.761606E-003  1.792031E-009  4.151046E-004  3.183446E-005  4.725432E-003
  6.301000E+000  9.540383E-004  1.479949E-003  1.757566E-003  1.757494E-009  4.072575E-004  3.106009E-005  4.629872E-003
  6.334500E+000  8.783250E-004  1.454913E-003  1.744983E-003  1.721257E-009  3.993197E-004  3.031780E-005  4.507860E-003
  6.368100E+000  8.128631E-004  1.431637E-003  1.732379E-003  1.684735E-009  3.912680E-004  2.957404E-005  4.397723E-003
  6.402000E+000  7.626339E-004  1.411644E-003  1.725221E-003  1.648608E-009  3.832157E-004  2.885076E-005  4.311567E-003
  6.436000E+000  7.265740E-004  1.394370E-003  1.729975E-003  1.613472E-009  3.752004E-004  2.818469E-005  4.254306E-003
  6.470200E+000  7.003619E-004  1.380406E-003  1.734738E-003  1.579240E-009  3.674183E-004  2.751524E-005  4.210441E-003
  6.504600E+000  6.814641E-004  1.367698E-003  1.740306E-003  1.545920E-009  3.597064E-004  2.686458E-005  4.176040E-003
  6.539200E+000  6.679771E-004  1.356405E-003  1.747317E-003  1.513478E-009  3.521360E-004  2.625372E-005  4.150090E-003
  6.573900E+000  6.587750E-004  1.346606E-003  1.754373E-003  1.481917E-009  3.447880E-004  2.564097E-005  4.130185E-003
  6.608900E+000  6.533383E-004  1.337608E-003  1.760266E-003  1.451083E-009  3.374849E-004  2.504381E-005  4.113742E-003
  6.644000E+000  6.503426E-004  1.329844E-003  1.764523E-003  1.421124E-009  3.303893E-004  2.447266E-005  4.099573E-003
  6.679300E+000  6.474037E-004  1.323164E-003  1.768796E-003  1.391829E-009  3.234206E-004  2.389880E-005  4.086685E-003
  6.714800E+000  6.443546E-004  1.317430E-003  1.774108E-003  1.363068E-009  3.165288E-004  2.333938E-005  4.075762E-003
  6.750500E+000  6.441611E-004  1.315683E-003  1.780269E-003  1.334840E-009  3.099870E-004  2.279217E-005  4.072893E-003
  6.786400E+000  6.479141E-004  1.312747E-003  1.786468E-003  1.307214E-009  3.038085E-004  2.224238E-005  4.073180E-003
  6.822400E+000  6.526119E-004  1.308098E-003  1.793495E-003  1.280255E-009  2.980254E-004  2.172556E-005  4.073957E-003
  6.858700E+000  6.591275E-004  1.299514E-003  1.800923E-003  1.253807E-009  2.922095E-004  2.121943E-005  4.072995E-003
  6.895100E+000  6.692663E-004  1.289755E-003  1.808365E-003  1.228034E-009  2.864266E-004  2.071196E-005  4.074526E-003
  6.931800E+000  6.799437E-004  1.278007E-003  1.812758E-003  1.202747E-009  2.806878E-004  2.024105E-005  4.071639E-003
  6.968600E+000  6.879863E-004  1.268915E-003  1.816846E-003  1.178031E-009  2.748066E-004  1.977297E-005  4.068328E-003
  7.005700E+000  6.893435E-004  1.262181E-003  1.819779E-003  1.153754E-009  2.689566E-004  1.928306E-005  4.059544E-003
  7.042900E+000  6.826699E-004  1.261015E-003  1.816271E-003  1.130037E-009  2.638279E-004  1.869041E-005  4.042475E-003
  7.080300E+000  6.728180E-004  1.259845E-003  1.812739E-003  1.106820E-009  2.586685E-004  1.809429E-005  4.022166E-003
  7.118000E+000  6.648543E-004  1.255589E-003  1.811402E-003  1.084014E-009  2.544171E-004  1.756925E-005  4.003833E-003
  7.155800E+000  6.613613E-004  1.247947E-003  1.812489E-003  1.061759E-009  2.511870E-004  1.712610E-005  3.990112E-003
  7.193800E+000  6.630886E-004  1.240256E-003  1.813578E-003  1.039987E-009  2.479406E-004  1.668035E-005  3.981545E-003
  7.232000E+000  6.702670E-004  1.232530E-003  1.814685E-003  1.018727E-009  2.446775E-004  1.623237E-005  3.978393E-003
  7.270500E+000  6.823469E-004  1.224745E-003  1.822346E-003  9.979104E-010  2.413887E-004  1.579654E-005  3.986623E-003
  7.309100E+000  6.966908E-004  1.216936E-003  1.838507E-003  9.776475E-010  2.380931E-004  1.537950E-005  4.005608E-003
  7.348000E+000  7.119450E-004  1.209061E-003  1.854787E-003  9.578338E-010  2.347694E-004  1.495895E-005  4.025522E-003
  7.387000E+000  7.313069E-004  1.201179E-003  1.871126E-003  9.385753E-010  2.314388E-004  1.453772E-005  4.049590E-003
  7.426300E+000  7.563026E-004  1.193227E-003  1.896415E-003  9.198024E-010  2.280794E-004  1.413704E-005  4.088162E-003
  7.465700E+000  7.870528E-004  1.185262E-003  1.931311E-003  9.016115E-010  2.247141E-004  1.376165E-005  4.142103E-003
  7.505400E+000  8.245016E-004  1.177233E-003  1.966475E-003  8.839765E-010  2.213248E-004  1.338313E-005  4.202919E-003
  7.545300E+000  8.689396E-004  1.169157E-003  2.001818E-003  8.670073E-010  2.179145E-004  1.300296E-005  4.270832E-003
  7.585400E+000  9.198642E-004  1.161048E-003  2.040397E-003  8.508163E-010  2.144900E-004  1.265165E-005  4.348452E-003
  7.625700E+000  9.714663E-004  1.152900E-003  2.081154E-003  8.354408E-010  2.110475E-004  1.231896E-005  4.428887E-003
  7.666300E+000  1.012014E-003  1.144685E-003  2.122225E-003  8.207106E-010  2.075782E-004  1.198373E-005  4.498487E-003
  7.707000E+000  1.028709E-003  1.136451E-003  2.163406E-003  8.062794E-010  2.041023E-004  1.164749E-005  4.544317E-003
  7.748000E+000  1.020627E-003  1.128162E-003  2.189113E-003  7.917003E-010  2.006010E-004  1.133859E-005  4.549842E-003
  7.789100E+000  9.944671E-004  1.119844E-003  2.211193E-003  7.769957E-010  1.970902E-004  1.103597E-005  4.533631E-003
  7.830500E+000  9.549822E-004  1.111469E-003  2.233460E-003  7.621789E-010  1.935533E-004  1.073131E-005  4.504197E-003
  7.872200E+000  9.001285E-004  1.103035E-003  2.255864E-003  7.471638E-010  1.899911E-004  1.042656E-005  4.459446E-003
  7.914000E+000  8.341566E-004  1.094580E-003  2.278391E-003  7.319260E-010  1.864194E-004  1.014607E-005  4.403693E-003
  7.956100E+000  7.664315E-004  1.086071E-003  2.301073E-003  7.164848E-010  1.828244E-004  9.863535E-006  4.346264E-003
  7.998300E+000  7.062008E-004  1.077532E-003  2.323802E-003  7.011056E-010  1.792200E-004  9.580192E-006  4.296335E-003
  8.040900E+000  6.562185E-004  1.068911E-003  2.358688E-003  6.859134E-010  1.755803E-004  9.310683E-006  4.268709E-003
  8.083600E+000  6.173350E-004  1.060279E-003  2.408900E-003  6.710894E-010  1.719319E-004  9.061318E-006  4.267508E-003
  8.126500E+000  5.872757E-004  1.051601E-003  2.459339E-003  6.566645E-010  1.682689E-004  8.810685E-006  4.275297E-003
  8.169700E+000  5.646809E-004  1.042860E-003  2.510110E-003  6.425925E-010  1.645776E-004  8.558523E-006  4.290787E-003
  8.213200E+000  5.482532E-004  1.034063E-003  2.579117E-003  6.288788E-010  1.608611E-004  8.344234E-006  4.330639E-003
  8.256800E+000  5.372720E-004  1.025658E-003  2.651228E-003  6.155670E-010  1.571481E-004  8.136196E-006  4.379443E-003
  8.300700E+000  5.316859E-004  1.017507E-003  2.723881E-003  6.025840E-010  1.534172E-004  7.926645E-006  4.434418E-003
  8.344800E+000  5.315944E-004  1.009320E-003  2.800746E-003  5.899707E-010  1.496684E-004  7.730876E-006  4.499060E-003
  8.389200E+000  5.381924E-004  1.001082E-003  2.885617E-003  5.777150E-010  1.458959E-004  7.561538E-006  4.578349E-003
  8.433700E+000  5.523609E-004  9.928142E-004  2.970679E-003  5.659159E-010  1.421139E-004  7.391802E-006  4.665360E-003
  8.478600E+000  5.745828E-004  9.844845E-004  3.056502E-003  5.545652E-010  1.382975E-004  7.220690E-006  4.761088E-003
  8.523600E+000  6.008550E-004  9.761333E-004  3.137617E-003  5.438129E-010  1.344714E-004  7.076099E-006  4.856153E-003
  8.568900E+000  6.196081E-004  9.677199E-004  3.218783E-003  5.335366E-010  1.306224E-004  6.933703E-006  4.943667E-003
  8.614500E+000  6.139781E-004  9.592544E-004  3.300402E-003  5.234102E-010  1.267474E-004  6.790421E-006  5.007173E-003
  8.660300E+000  5.836686E-004  9.507545E-004  3.380029E-003  5.131035E-010  1.228539E-004  6.656744E-006  5.043964E-003
  8.706300E+000  5.425132E-004  9.422198E-004  3.457671E-003  5.025567E-010  1.189440E-004  6.532461E-006  5.067881E-003
  8.752600E+000  5.042602E-004  9.336256E-004  3.535869E-003  4.919860E-010  1.150087E-004  6.407357E-006  5.095171E-003
  8.799100E+000  4.735094E-004  9.256955E-004  3.617926E-003  4.815675E-010  1.116838E-004  6.288214E-006  5.135103E-003
  8.845800E+000  4.500882E-004  9.198481E-004  3.716429E-003  4.713908E-010  1.102453E-004  6.197756E-006  5.202809E-003
  8.892800E+000  4.319888E-004  9.139773E-004  3.815540E-003  4.614475E-010  1.087996E-004  6.106824E-006  5.276413E-003
  8.940100E+000  4.179130E-004  9.080548E-004  3.915324E-003  4.517467E-010  1.073442E-004  6.015309E-006  5.354652E-003
  8.987600E+000  4.065630E-004  9.021156E-004  4.019844E-003  4.422909E-010  1.058849E-004  5.962169E-006  5.440370E-003
  9.035400E+000  3.971866E-004  8.961451E-004  4.125375E-003  4.330583E-010  1.044136E-004  5.912574E-006  5.529033E-003
  9.083400E+000  3.892532E-004  8.901350E-004  4.231411E-003  4.240494E-010  1.029383E-004  5.862651E-006  5.619601E-003
  9.131700E+000  3.823562E-004  8.840939E-004  4.325611E-003  4.152365E-010  1.014510E-004  5.826155E-006  5.699338E-003
  9.180200E+000  3.762898E-004  8.780270E-004  4.414843E-003  4.066335E-010  9.995939E-005  5.795427E-006  5.774915E-003
  9.229000E+000  3.708194E-004  8.719268E-004  4.504597E-003  3.982141E-010  9.845857E-005  5.764461E-006  5.851567E-003
  9.278100E+000  3.658437E-004  8.657896E-004  4.590032E-003  3.899712E-010  9.694802E-005  5.741373E-006  5.924356E-003
  9.327400E+000  3.612647E-004  8.596282E-004  4.671595E-003  3.819199E-010  9.543120E-005  5.725081E-006  5.993645E-003
  9.376900E+000  3.570117E-004  8.534327E-004  4.753550E-003  3.740508E-010  9.390769E-005  5.708777E-006  6.063611E-003
  9.426800E+000  3.530225E-004  8.471868E-004  4.829267E-003  3.663248E-010  9.237383E-005  5.696688E-006  6.127547E-003
  9.476900E+000  3.492641E-004  8.409306E-004  4.896294E-003  3.587798E-010  9.083156E-005  5.690433E-006  6.183011E-003
  9.527200E+000  3.457191E-004  8.346366E-004  4.963539E-003  3.513992E-010  8.928469E-005  5.684142E-006  6.238864E-003
  9.577900E+000  3.423365E-004  8.289411E-004  5.025594E-003  3.441553E-010  8.773284E-005  5.681424E-006  6.290286E-003
  9.628800E+000  3.391182E-004  8.235784E-004  5.078097E-003  3.370749E-010  8.617911E-005  5.684915E-006  6.332658E-003
  9.680000E+000  3.360415E-004  8.181808E-004  5.130889E-003  3.301365E-010  8.461545E-005  5.688384E-006  6.375415E-003
  9.731400E+000  3.331015E-004  8.127655E-004  5.174673E-003  3.233525E-010  8.304560E-005  5.692191E-006  6.409278E-003
  9.783100E+000  3.302894E-004  8.073156E-004  5.202394E-003  3.167054E-010  8.146846E-005  5.696492E-006  6.427164E-003
  9.835100E+000  3.275975E-004  8.018333E-004  5.230371E-003  3.101982E-010  7.987900E-005  5.700811E-006  6.445382E-003
  9.887400E+000  3.250242E-004  7.963246E-004  5.247167E-003  3.038192E-010  7.828278E-005  5.701453E-006  6.452500E-003
  9.939900E+000  3.225756E-004  7.907940E-004  5.247133E-003  2.975827E-010  7.668060E-005  5.696445E-006  6.442880E-003
  9.992800E+000  3.202383E-004  7.852178E-004  5.247053E-003  2.914640E-010  7.506510E-005  5.691509E-006  6.433266E-003
  1.004600E+001  3.180287E-004  7.796104E-004  5.236337E-003  2.854682E-010  7.344012E-005  5.679323E-006  6.413095E-003
  1.009900E+001  3.159703E-004  7.740259E-004  5.214519E-003  2.796487E-010  7.182198E-005  5.659775E-006  6.381997E-003
  1.015300E+001  3.140322E-004  7.683399E-004  5.192293E-003  2.738713E-010  7.017158E-005  5.639979E-006  6.350477E-003
  1.020700E+001  3.122597E-004  7.626444E-004  5.161172E-003  2.682444E-010  6.852399E-005  5.609901E-006  6.310210E-003
  1.026100E+001  3.106746E-004  7.569583E-004  5.124465E-003  2.627640E-010  6.687399E-005  5.573382E-006  6.264546E-003
  1.031600E+001  3.092728E-004  7.511636E-004  5.087111E-003  2.573248E-010  6.519420E-005  5.536258E-006  6.218278E-003
  1.037100E+001  3.081128E-004  7.453590E-004  5.045936E-003  2.520275E-010  6.351719E-005  5.495055E-006  6.168420E-003
  1.042600E+001  3.072480E-004  7.395618E-004  5.003722E-003  2.468655E-010  6.183737E-005  5.452849E-006  6.117823E-003
  1.048100E+001  3.067106E-004  7.337674E-004  4.961516E-003  2.418342E-010  6.015803E-005  5.410669E-006  6.067563E-003
  1.053700E+001  3.065991E-004  7.278679E-004  4.909679E-003  2.368487E-010  5.844690E-005  5.359647E-006  6.007952E-003
  1.059300E+001  3.070084E-004  7.219638E-004  4.857833E-003  2.319847E-010  5.673764E-005  5.308559E-006  5.948851E-003
  1.064900E+001  3.080882E-004  7.160643E-004  4.804582E-003  2.272503E-010  5.502658E-005  5.256175E-006  5.889018E-003
  1.070600E+001  3.100893E-004  7.100587E-004  4.745979E-003  2.225534E-010  5.328603E-005  5.198487E-006  5.824612E-003
  1.076300E+001  3.132622E-004  7.040473E-004  4.687460E-003  2.179789E-010  5.154742E-005  5.140881E-006  5.761458E-003
  1.082000E+001  3.181443E-004  6.980455E-004  4.627643E-003  2.135203E-010  4.980692E-005  5.080686E-006  5.698720E-003
  1.087700E+001  3.253064E-004  6.920598E-004  4.566714E-003  2.091758E-010  4.807979E-005  5.018526E-006  5.637179E-003
  1.093500E+001  3.361967E-004  6.879105E-004  4.504682E-003  2.048699E-010  4.745984E-005  4.955238E-006  5.581205E-003
  1.099300E+001  3.525345E-004  6.837574E-004  4.444682E-003  2.006756E-010  4.683990E-005  4.890621E-006  5.532705E-003
  1.105200E+001  3.779844E-004  6.795332E-004  4.383883E-003  1.965209E-010  4.621049E-005  4.824750E-006  5.492436E-003
  1.111000E+001  4.169398E-004  6.757344E-004  4.323669E-003  1.925493E-010  4.559526E-005  4.760627E-006  5.466699E-003
  1.116900E+001  4.720638E-004  6.719875E-004  4.261084E-003  1.886281E-010  4.497189E-005  4.697436E-006  5.454804E-003
  1.122900E+001  5.195050E-004  6.681761E-004  4.197420E-003  1.847639E-010  4.433631E-005  4.633170E-006  5.434071E-003
  1.128800E+001  5.192817E-004  6.644287E-004  4.127798E-003  1.810590E-010  4.371296E-005  4.568011E-006  5.359789E-003
  1.134800E+001  4.909033E-004  6.606187E-004  4.053238E-003  1.773662E-010  4.307735E-005  4.500664E-006  5.252338E-003
  1.140900E+001  4.578475E-004  6.567397E-004  3.977517E-003  1.736974E-010  4.243193E-005  4.432506E-006  5.138968E-003
  1.146900E+001  4.237012E-004  6.529340E-004  3.904972E-003  1.701742E-010  4.179869E-005  4.367982E-006  5.027774E-003
  1.153000E+001  3.906043E-004  6.490649E-004  3.831212E-003  1.666791E-010  4.115324E-005  4.302438E-006  4.916337E-003
  1.159200E+001  3.620371E-004  6.451280E-004  3.752180E-003  1.632144E-010  4.049793E-005  4.238262E-006  4.804081E-003
  1.165300E+001  3.401914E-004  6.412527E-004  3.671336E-003  1.598920E-010  3.985246E-005  4.177051E-006  4.696810E-003
  1.171500E+001  3.235127E-004  6.373230E-004  3.588172E-003  1.566019E-010  3.919477E-005  4.114580E-006  4.592317E-003
  1.177700E+001  3.113709E-004  6.333797E-004  3.492212E-003  1.533991E-010  3.853949E-005  4.048877E-006  4.479551E-003
  1.184000E+001  3.026586E-004  6.293830E-004  3.394689E-003  1.502262E-010  3.787383E-005  3.982151E-006  4.368587E-003
  1.190300E+001  2.967324E-004  6.253758E-004  3.289155E-003  1.471385E-010  3.720633E-005  3.911747E-006  4.252381E-003
  1.196600E+001  2.932275E-004  6.213811E-004  3.178649E-003  1.441295E-010  3.654113E-005  3.838974E-006  4.133638E-003
  1.203000E+001  2.917010E-004  6.173127E-004  3.065645E-003  1.411522E-010  3.586323E-005  3.763250E-006  4.014285E-003
  1.209400E+001  2.921595E-004  6.132541E-004  2.949523E-003  1.382513E-010  3.518824E-005  3.679651E-006  3.893804E-003
  1.215800E+001  2.945568E-004  6.091900E-004  2.833419E-003  1.354271E-010  3.451037E-005  3.596019E-006  3.775272E-003
  1.222300E+001  2.989965E-004  6.050614E-004  2.719915E-003  1.326343E-010  3.382264E-005  3.507552E-006  3.661303E-003
  1.228800E+001  3.055600E-004  6.009335E-004  2.607602E-003  1.299119E-010  3.313536E-005  3.418206E-006  3.550649E-003
  1.235300E+001  3.140095E-004  5.968027E-004  2.498825E-003  1.272636E-010  3.244763E-005  3.328920E-006  3.445414E-003
  1.241900E+001  3.240717E-004  5.926144E-004  2.393213E-003  1.246426E-010  3.174932E-005  3.238589E-006  3.344887E-003
  1.248500E+001  3.343167E-004  5.884243E-004  2.287425E-003  1.220923E-010  3.105130E-005  3.148162E-006  3.244366E-003
  1.255100E+001  3.427106E-004  5.842321E-004  2.179347E-003  1.196084E-010  3.035296E-005  3.056428E-006  3.139700E-003
  1.261800E+001  3.467204E-004  5.799795E-004  2.069615E-003  1.171512E-010  2.964409E-005  2.963262E-006  3.028922E-003
  1.268500E+001  3.445589E-004  5.757245E-004  1.969736E-003  1.147588E-010  2.893547E-005  2.866666E-006  2.921822E-003
  1.275200E+001  3.358689E-004  5.714699E-004  1.872619E-003  1.124248E-010  2.822660E-005  2.769016E-006  2.810953E-003
  1.282000E+001  3.226225E-004  5.671585E-004  1.781886E-003  1.101157E-010  2.750741E-005  2.670373E-006  2.701845E-003
  1.288800E+001  3.073132E-004  5.631763E-004  1.699283E-003  1.078621E-010  2.679114E-005  2.572144E-006  2.599136E-003
  1.295600E+001  2.921165E-004  5.592865E-004  1.623327E-003  1.056654E-010  2.607553E-005  2.474685E-006  2.503281E-003
  1.302500E+001  2.780001E-004  5.553262E-004  1.568660E-003  1.034909E-010  2.534948E-005  2.378201E-006  2.429714E-003
  1.309500E+001  2.655274E-004  5.513218E-004  1.513621E-003  1.013438E-010  2.461268E-005  2.280485E-006  2.357364E-003
  1.316400E+001  2.549852E-004  5.473641E-004  1.486868E-003  9.928010E-011  2.388652E-005  2.194069E-006  2.315298E-003
  1.323400E+001  2.459571E-004  5.433546E-004  1.459715E-003  9.724092E-011  2.314972E-005  2.106407E-006  2.274283E-003
  1.330400E+001  2.382637E-004  5.393407E-004  1.447792E-003  9.525376E-011  2.241292E-005  2.028186E-006  2.249837E-003
  1.337500E+001  2.316071E-004  5.352725E-004  1.439443E-003  9.329023E-011  2.166556E-005  1.951182E-006  2.229939E-003
  1.344600E+001  2.258684E-004  5.312058E-004  1.437446E-003  9.137733E-011  2.091841E-005  1.881156E-006  2.217320E-003
  1.351800E+001  2.207919E-004  5.279889E-004  1.439234E-003  8.948679E-011  2.054709E-005  1.814252E-006  2.210376E-003
  1.359000E+001  2.163386E-004  5.250225E-004  1.442162E-003  8.764601E-011  2.028023E-005  1.751506E-006  2.205555E-003
  1.366200E+001  2.123617E-004  5.220543E-004  1.446333E-003  8.585274E-011  2.001351E-005  1.693195E-006  2.202456E-003
  1.373400E+001  2.087924E-004  5.190815E-004  1.449976E-003  8.410493E-011  1.974667E-005  1.636930E-006  2.199234E-003
  1.380700E+001  2.055009E-004  5.160766E-004  1.452693E-003  8.237897E-011  1.947620E-005  1.583767E-006  2.195330E-003
  1.388100E+001  2.024474E-004  5.130211E-004  1.456162E-003  8.067360E-011  1.920213E-005  1.530637E-006  2.192364E-003
  1.395500E+001  1.996326E-004  5.099758E-004  1.461718E-003  7.901326E-011  1.892775E-005  1.479748E-006  2.191734E-003
  1.402900E+001  1.973057E-004  5.069176E-004  1.475755E-003  7.739457E-011  1.865368E-005  1.428931E-006  2.200061E-003
  1.410300E+001  1.955078E-004  5.038672E-004  1.529701E-003  7.581451E-011  1.837958E-005  1.378271E-006  2.248834E-003
  1.417800E+001  1.937032E-004  5.007759E-004  1.584351E-003  7.425666E-011  1.810164E-005  1.327521E-006  2.298260E-003
  1.425400E+001  1.918947E-004  4.976413E-004  1.639445E-003  7.271724E-011  1.782011E-005  1.281141E-006  2.348083E-003
  1.432900E+001  1.901296E-004  4.945525E-004  1.693790E-003  7.123811E-011  1.754214E-005  1.235726E-006  2.397250E-003
  1.440500E+001  1.883597E-004  4.914172E-004  1.748435E-003  6.977712E-011  1.726059E-005  1.194461E-006  2.446667E-003
  1.448200E+001  1.865841E-004  4.882384E-004  1.803760E-003  6.833600E-011  1.697523E-005  1.152919E-006  2.496710E-003
  1.455900E+001  1.848289E-004  4.850703E-004  1.858533E-003  6.693199E-011  1.669006E-005  1.115795E-006  2.546238E-003
  1.463600E+001  1.830923E-004  4.818968E-004  1.913250E-003  6.556376E-011  1.640466E-005  1.078970E-006  2.595722E-003
  1.471400E+001  1.813510E-004  4.786780E-004  1.968010E-003  6.421400E-011  1.611566E-005  1.045641E-006  2.645201E-003
  1.479200E+001  1.796293E-004  4.754653E-004  2.022681E-003  6.289830E-011  1.582662E-005  1.012682E-006  2.694615E-003
  1.487100E+001  1.779041E-004  4.722047E-004  2.077259E-003  6.160055E-011  1.553407E-005  9.828508E-007  2.743885E-003
  1.495000E+001  1.761964E-004  4.693062E-004  2.131639E-003  6.033691E-011  1.524305E-005  9.535543E-007  2.793338E-003
  1.502900E+001  1.745078E-004  4.664390E-004  2.185207E-003  5.910491E-011  1.495249E-005  9.272775E-007  2.842034E-003
  1.510900E+001  1.728159E-004  4.635369E-004  2.239175E-003  5.788991E-011  1.465809E-005  9.013369E-007  2.891087E-003
  1.519000E+001  1.711220E-004  4.606044E-004  2.292907E-003  5.669192E-011  1.436012E-005  8.776276E-007  2.939871E-003
  1.527000E+001  1.694650E-004  4.576994E-004  2.345563E-003  5.553842E-011  1.406576E-005  8.551155E-007  2.987649E-003
  1.535200E+001  1.677858E-004  4.547295E-004  2.398604E-003  5.438680E-011  1.376415E-005  8.340921E-007  3.035717E-003
  1.543300E+001  1.661453E-004  4.517917E-004  2.450377E-003  5.327878E-011  1.346600E-005  8.144350E-007  3.082594E-003
  1.551500E+001  1.645016E-004  4.488204E-004  2.501962E-003  5.218580E-011  1.316441E-005  7.960913E-007  3.129245E-003
  1.559800E+001  1.628547E-004  4.458108E-004  2.553286E-003  5.110829E-011  1.285906E-005  7.788351E-007  3.175590E-003
  1.568100E+001  1.612265E-004  4.428020E-004  2.603892E-003  5.005883E-011  1.255370E-005  7.626974E-007  3.221237E-003
  1.576400E+001  1.596155E-004  4.397934E-004  2.653272E-003  4.903586E-011  1.224831E-005  7.480542E-007  3.265677E-003
  1.584800E+001  1.580022E-004  4.367426E-004  2.702681E-003  4.802760E-011  1.193913E-005  7.339248E-007  3.310099E-003
  1.593200E+001  1.564070E-004  4.337017E-004  2.750512E-003  4.704538E-011  1.163019E-005  7.214820E-007  3.352972E-003
  1.601700E+001  1.548086E-004  4.306187E-004  2.798737E-003  4.607693E-011  1.131741E-005  7.094236E-007  3.396191E-003
  1.610200E+001  1.534847E-004  4.275372E-004  2.849975E-003  4.513121E-011  1.100462E-005  7.043349E-007  3.442705E-003
  1.618700E+001  1.522943E-004  4.244565E-004  2.900699E-003  4.420956E-011  1.069184E-005  6.996261E-007  3.488842E-003
  1.627300E+001  1.511033E-004  4.213393E-004  2.950164E-003  4.330102E-011  1.037550E-005  6.962279E-007  3.533679E-003
  1.636000E+001  1.499117E-004  4.181859E-004  2.998491E-003  4.240554E-011  1.005532E-005  6.928724E-007  3.577337E-003
  1.644700E+001  1.487334E-004  4.150320E-004  3.044701E-003  4.153322E-011  9.735431E-006  6.896445E-007  3.618892E-003
  1.653400E+001  1.475668E-004  4.118754E-004  3.088396E-003  4.068353E-011  9.415226E-006  6.865191E-007  3.657940E-003
  1.662200E+001  1.464002E-004  4.086873E-004  3.131400E-003  3.984595E-011  9.091495E-006  6.834036E-007  3.696263E-003
  1.671000E+001  1.452453E-004  4.059705E-004  3.170989E-003  3.903027E-011  8.884554E-006  6.803910E-007  3.731769E-003
  1.679900E+001  1.440911E-004  4.036058E-004  3.210006E-003  3.822672E-011  8.769364E-006  6.773743E-007  3.767150E-003
  1.688800E+001  1.429482E-004  4.012370E-004  3.246149E-003  3.744358E-011  8.653935E-006  6.744090E-007  3.799663E-003
  1.697800E+001  1.418049E-004  3.988504E-004  3.281003E-003  3.667209E-011  8.537179E-006  6.714260E-007  3.830867E-003
  1.706800E+001  1.406753E-004  3.964596E-004  3.313913E-003  3.592046E-011  8.420443E-006  6.684688E-007  3.860137E-003
  1.715900E+001  1.395445E-004  3.940410E-004  3.344588E-003  3.518021E-011  8.302401E-006  6.654810E-007  3.887142E-003
  1.725000E+001  1.384265E-004  3.916207E-004  3.374148E-003  3.445911E-011  8.184362E-006  6.624887E-007  3.913042E-003
  1.734200E+001  1.373072E-004  3.894715E-004  3.400831E-003  3.374901E-011  8.066339E-006  6.594477E-007  3.936336E-003
  1.743400E+001  1.362021E-004  3.873283E-004  3.426096E-003  3.305692E-011  7.948142E-006  6.563953E-007  3.958231E-003
  1.752700E+001  1.350954E-004  3.851570E-004  3.449615E-003  3.237557E-011  7.828678E-006  6.532811E-007  3.978350E-003
  1.762000E+001  1.340013E-004  3.829868E-004  3.470732E-003  3.171185E-011  7.709424E-006  6.501267E-007  3.996080E-003
  1.771400E+001  1.329075E-004  3.807963E-004  3.490867E-003  3.105834E-011  7.588616E-006  6.469225E-007  4.012806E-003
  1.780800E+001  1.318255E-004  3.786036E-004  3.508104E-003  3.042131E-011  7.467831E-006  6.436558E-007  4.026644E-003
  1.790200E+001  1.307546E-004  3.764077E-004  3.523888E-003  2.980129E-011  7.347311E-006  6.403504E-007  4.039038E-003
  1.799800E+001  1.296732E-004  3.741705E-004  3.538264E-003  2.918423E-011  7.223912E-006  6.369362E-007  4.049969E-003
  1.809300E+001  1.286146E-004  3.719554E-004  3.549900E-003  2.858908E-011  7.101833E-006  6.334918E-007  4.058205E-003
  1.818900E+001  1.275562E-004  3.697176E-004  3.560526E-003  2.800308E-011  6.978678E-006  6.299666E-007  4.065409E-003
  1.828600E+001  1.264983E-004  3.674537E-004  3.568915E-003  2.742683E-011  6.854042E-006  6.263388E-007  4.070347E-003
  1.838300E+001  1.254525E-004  3.651870E-004  3.569014E-003  2.686507E-011  6.729590E-006  6.208860E-007  4.067004E-003
  1.848100E+001  1.244991E-004  3.629058E-004  3.564010E-003  2.631060E-011  6.603615E-006  6.142433E-007  4.058633E-003
  1.857900E+001  1.235599E-004  3.606193E-004  3.551088E-003  2.577028E-011  6.477923E-006  6.057385E-007  4.042351E-003
  1.867800E+001  1.226212E-004  3.583131E-004  3.537861E-003  2.523874E-011  6.350657E-006  5.972377E-007  4.025743E-003
  1.877700E+001  1.216923E-004  3.559996E-004  3.524551E-003  2.472061E-011  6.223625E-006  5.888191E-007  4.009056E-003
  1.887700E+001  1.207649E-004  3.536667E-004  3.510921E-003  2.421117E-011  6.095120E-006  5.804899E-007  3.992028E-003
  1.897700E+001  1.198471E-004  3.513384E-004  3.497112E-003  2.371478E-011  5.966803E-006  5.722383E-007  3.974836E-003
  1.907800E+001  1.189297E-004  3.489810E-004  3.483081E-003  2.322609E-011  5.836958E-006  5.640000E-007  3.957393E-003
  1.918000E+001  1.180139E-004  3.465987E-004  3.468732E-003  2.274576E-011  5.706062E-006  5.558357E-007  3.939606E-003
  1.928100E+001  1.171165E-004  3.442460E-004  3.454380E-003  2.228214E-011  5.576216E-006  5.478328E-007  3.921866E-003
  1.938400E+001  1.162116E-004  3.418388E-004  3.439684E-003  2.182156E-011  5.444030E-006  5.397851E-007  3.903719E-003
  1.948700E+001  1.153162E-004  3.394450E-004  3.424771E-003  2.137288E-011  5.311846E-006  5.318872E-007  3.885376E-003
  1.959100E+001  1.144220E-004  3.370127E-004  3.409680E-003  2.093174E-011  5.178133E-006  5.239866E-007  3.866816E-003
  1.969500E+001  1.135376E-004  3.345879E-004  3.394485E-003  2.050186E-011  5.044655E-006  5.161970E-007  3.848172E-003
  1.979900E+001  1.126624E-004  3.321635E-004  3.379077E-003  2.008319E-011  4.911180E-006  5.085552E-007  3.829322E-003
  1.990500E+001  1.117796E-004  3.296914E-004  3.363287E-003  1.966712E-011  4.774893E-006  5.008561E-007  3.810034E-003
  2.001000E+001  1.109158E-004  3.272585E-004  3.347591E-003  1.926597E-011  4.640175E-006  4.933224E-007  3.790899E-003
  2.011700E+001  1.100449E-004  3.250102E-004  3.331411E-003  1.886757E-011  4.503478E-006  4.858033E-007  3.771455E-003
  2.022400E+001  1.091831E-004  3.227549E-004  3.315176E-003  1.847962E-011  4.366785E-006  4.783723E-007  3.751959E-003
  2.033100E+001  1.083300E-004  3.205140E-004  3.298835E-003  1.810155E-011  4.230041E-006  4.710361E-007  3.732380E-003
  2.043900E+001  1.074793E-004  3.182441E-004  3.282258E-003  1.772977E-011  4.091829E-006  4.637724E-007  3.712538E-003
  2.054800E+001  1.066294E-004  3.159571E-004  3.265384E-003  1.736416E-011  3.952568E-006  4.565458E-007  3.692380E-003
  2.065700E+001  1.057881E-004  3.138703E-004  3.248513E-003  1.700816E-011  3.843104E-006  4.494173E-007  3.672464E-003
  2.076700E+001  1.049497E-004  3.121913E-004  3.231447E-003  1.665811E-011  3.793875E-006  4.423336E-007  3.652824E-003
  2.087700E+001  1.041194E-004  3.105192E-004  3.214134E-003  1.631698E-011  3.744409E-006  4.353775E-007  3.632953E-003
  2.098800E+001  1.032910E-004  3.088247E-004  3.197316E-003  1.598175E-011  3.694571E-006  4.285208E-007  3.613555E-003
  2.110000E+001  1.024783E-004  3.071196E-004  3.182407E-003  1.565199E-011  3.644126E-006  4.218966E-007  3.596070E-003
  2.121200E+001  1.017160E-004  3.054138E-004  3.178432E-003  1.533011E-011  3.593967E-006  4.164138E-007  3.589573E-003
  2.132400E+001  1.009622E-004  3.037059E-004  3.174229E-003  1.501635E-011  3.543759E-006  4.110336E-007  3.582852E-003
  2.143800E+001  1.002027E-004  3.019736E-004  3.169713E-003  1.470541E-011  3.492386E-006  4.056276E-007  3.575787E-003
  2.155200E+001  9.945160E-005  3.002393E-004  3.165058E-003  1.440250E-011  3.441247E-006  4.002924E-007  3.568591E-003
  2.166600E+001  9.870865E-005  2.984992E-004  3.160205E-003  1.410738E-011  3.390111E-006  3.950697E-007  3.561198E-003
  2.178100E+001  9.796752E-005  2.967462E-004  3.155131E-003  1.381737E-011  3.338365E-006  3.898801E-007  3.553573E-003
  2.189700E+001  9.722743E-005  2.949776E-004  3.149820E-003  1.353240E-011  3.286252E-006  3.847188E-007  3.545696E-003
  2.201400E+001  9.648950E-005  2.931976E-004  3.144282E-003  1.325222E-011  3.233793E-006  3.795934E-007  3.537582E-003
  2.213100E+001  9.575966E-005  2.914178E-004  3.138579E-003  1.297951E-011  3.181285E-006  3.745617E-007  3.529312E-003
  2.224800E+001  9.503714E-005  2.896302E-004  3.132673E-003  1.271370E-011  3.128705E-006  3.696119E-007  3.520839E-003
  2.236600E+001  9.431653E-005  2.878326E-004  3.126565E-003  1.245265E-011  3.075733E-006  3.646941E-007  3.512155E-003
  2.248500E+001  9.359837E-005  2.860252E-004  3.120214E-003  1.219627E-011  3.022296E-006  3.598085E-007  3.503220E-003
  2.260500E+001  9.288079E-005  2.841930E-004  3.113693E-003  1.194417E-011  2.968394E-006  3.549701E-007  3.494090E-003
  2.272500E+001  9.217212E-005  2.823659E-004  3.106953E-003  1.169866E-011  2.914561E-006  3.502078E-007  3.484756E-003
  2.284600E+001  9.146489E-005  2.805217E-004  3.100014E-003  1.145761E-011  2.860195E-006  3.454860E-007  3.475206E-003
  2.296700E+001  9.076519E-005  2.786803E-004  3.092908E-003  1.122281E-011  2.805852E-006  3.408283E-007  3.465500E-003
  2.308900E+001  9.006719E-005  2.768191E-004  3.085599E-003  1.099200E-011  2.751065E-006  3.362123E-007  3.455573E-003
  2.321200E+001  8.937150E-005  2.749783E-004  3.078047E-003  1.076545E-011  2.695900E-006  3.316400E-007  3.445425E-003
  2.333500E+001  8.868265E-005  2.733099E-004  3.070370E-003  1.054467E-011  2.641038E-006  3.271438E-007  3.435331E-003
  2.345900E+001  8.799667E-005  2.716264E-004  3.062506E-003  1.032792E-011  2.585710E-006  3.226771E-007  3.425037E-003
  2.358400E+001  8.731268E-005  2.699271E-004  3.054413E-003  1.011505E-011  2.529949E-006  3.182357E-007  3.414501E-003
  2.370900E+001  8.663481E-005  2.682304E-004  3.046173E-003  9.907563E-012  2.474177E-006  3.138752E-007  3.403827E-003
  2.383500E+001  8.595991E-005  2.665156E-004  3.037701E-003  9.703884E-012  2.417981E-006  3.095586E-007  3.392904E-003
  2.396200E+001  8.528733E-005  2.647876E-004  3.029023E-003  9.503937E-012  2.361304E-006  3.052748E-007  3.381765E-003
  2.408900E+001  8.462115E-005  2.630623E-004  3.020013E-003  9.309093E-012  2.304652E-006  3.010508E-007  3.370302E-003
  2.421700E+001  8.397865E-005  2.613267E-004  3.008386E-003  9.117524E-012  2.247552E-006  2.967654E-007  3.356236E-003
  2.434600E+001  8.335744E-005  2.595755E-004  2.993778E-003  8.929175E-012  2.189996E-006  2.923895E-007  3.339193E-003
  2.447600E+001  8.273748E-005  2.578093E-004  2.978981E-003  8.744398E-012  2.132018E-006  2.880409E-007  3.321948E-003
  2.460600E+001  8.212487E-005  2.560424E-004  2.964089E-003  8.564279E-012  2.074012E-006  2.837709E-007  3.304614E-003
  2.473600E+001  8.151815E-005  2.542767E-004  2.949183E-003  8.388825E-012  2.016033E-006  2.795636E-007  3.287274E-003
  2.486800E+001  8.090956E-005  2.524788E-004  2.933989E-003  8.215326E-012  1.957128E-006  2.753507E-007  3.269610E-003
  2.500000E+001  8.030730E-005  2.506888E-004  2.918759E-003  8.046270E-012  1.898246E-006  2.712105E-007  3.251925E-003
  2.659600E+001  7.350763E-005  2.328125E-004  2.731802E-003  6.310973E-012  1.496392E-006  2.259397E-007  3.039845E-003
  2.829500E+001  6.726139E-005  2.174109E-004  2.536072E-003  4.949099E-012  1.231170E-006  1.861034E-007  2.822162E-003
  3.010100E+001  6.163373E-005  2.014130E-004  2.346595E-003  3.881090E-012  9.497023E-007  1.521638E-007  2.610744E-003
  3.202300E+001  5.640320E-005  1.860496E-004  2.162206E-003  3.043583E-012  6.944617E-007  1.261969E-007  2.405480E-003
  3.406800E+001  5.173065E-005  1.741524E-004  1.973511E-003  2.385971E-012  5.830024E-007  1.027082E-007  2.200080E-003
  3.624300E+001  4.735421E-005  1.615549E-004  1.794978E-003  1.870923E-012  4.644628E-007  8.336230E-008  2.004435E-003
  3.855700E+001  4.345968E-005  1.494911E-004  1.619035E-003  1.466499E-012  3.390958E-007  6.634272E-008  1.812391E-003
  4.101900E+001  3.982006E-005  1.392872E-004  1.468952E-003  1.149651E-012  2.731768E-007  5.346543E-008  1.648386E-003
  4.363800E+001  3.654132E-005  1.299645E-004  1.324525E-003  9.010608E-013  2.234649E-007  4.191390E-008  1.491296E-003
  4.642500E+001  3.350983E-005  1.204571E-004  1.204851E-003  7.062045E-013  1.707237E-007  3.387402E-008  1.359022E-003
  4.938900E+001  3.074784E-005  1.114468E-004  1.085779E-003  5.534666E-013  1.269199E-007  2.634512E-008  1.228126E-003
  5.254300E+001  2.822050E-005  1.043694E-004  9.852562E-004  4.337075E-013  1.060561E-007  2.138922E-008  1.117974E-003
  5.589800E+001  2.589204E-005  9.684044E-005  8.811646E-004  3.398694E-013  8.386480E-008  1.644701E-008  1.003997E-003
  5.946700E+001  2.378264E-005  8.952600E-005  7.995716E-004  2.662894E-013  6.037298E-008  1.340040E-008  9.129541E-004
  6.326400E+001  2.181899E-005  8.366503E-005  7.152522E-004  2.086597E-013  4.978071E-008  1.029955E-008  8.207963E-004
  6.730300E+001  2.005633E-005  7.798661E-005  6.493480E-004  1.634614E-013  4.047108E-008  8.345827E-009  7.474398E-004
  7.160100E+001  1.840366E-005  7.229732E-005  5.828855E-004  1.280673E-013  3.060404E-008  6.440835E-009  6.736235E-004
  7.617300E+001  1.692438E-005  6.698508E-005  5.280438E-004  1.003091E-013  2.315249E-008  5.167873E-009  6.119816E-004
  8.103600E+001  1.554214E-005  6.274947E-005  4.757337E-004  7.858256E-014  1.925439E-008  3.991334E-009  5.540485E-004
  8.621100E+001  1.429069E-005  5.824218E-005  4.354229E-004  6.154446E-014  1.510590E-008  3.192238E-009  5.079741E-004
  9.171500E+001  1.313296E-005  5.376897E-005  3.966161E-004  4.820520E-014  1.071038E-008  2.488989E-009  4.635312E-004
  9.757200E+001  1.207411E-005  5.039163E-005  3.620755E-004  3.775184E-014  9.054279E-009  1.984033E-009  4.245523E-004
  1.038000E+002  1.110388E-005  4.692322E-005  3.276766E-004  2.956674E-014  7.313661E-009  1.559873E-009  3.857126E-004
  1.104300E+002  1.020747E-005  4.350079E-005  2.936816E-004  2.315253E-014  5.469895E-009  1.234963E-009  3.473966E-004
  1.174800E+002  9.393218E-006  4.038895E-005  2.617190E-004  1.812937E-014  4.216910E-009  9.752207E-010  3.115064E-004
  1.249800E+002  8.634402E-006  3.781711E-005  2.309112E-004  1.419723E-014  3.488536E-009  7.644432E-010  2.773670E-004
  1.329600E+002  7.950655E-006  3.510802E-005  2.044421E-004  1.111511E-014  2.714314E-009  6.052485E-010  2.475041E-004
  1.414500E+002  7.309537E-006  3.244315E-005  1.794939E-004  8.703222E-015  1.949774E-009  4.690131E-010  2.192490E-004
  1.504800E+002  6.733223E-006  3.041858E-005  1.586908E-004  6.813371E-015  1.643875E-009  3.730699E-010  1.958446E-004
  1.600900E+002  6.194356E-006  2.829389E-005  1.383678E-004  5.334036E-015  1.318622E-009  2.864765E-010  1.728576E-004
  1.703100E+002  5.704925E-006  2.622912E-005  1.218990E-004  4.175609E-015  9.747774E-010  2.293887E-010  1.538342E-004
  1.811900E+002  5.251266E-006  2.441782E-005  1.052278E-004  3.268326E-015  7.667234E-010  1.744760E-010  1.348978E-004
  1.927600E+002  4.835749E-006  2.283563E-005  9.176030E-005  2.558241E-015  6.307173E-010  1.406613E-010  1.194325E-004
  2.050700E+002  4.454394E-006  2.120200E-005  7.786185E-005  2.002307E-015  4.863430E-010  1.066662E-010  1.035188E-004
  2.181600E+002  4.101712E-006  1.961553E-005  6.739166E-005  1.567358E-015  3.548512E-010  8.588837E-011  9.110934E-005
  2.320900E+002  3.780208E-006  1.839549E-005  5.683936E-005  1.226638E-015  2.978622E-010  6.525913E-011  7.901542E-005
  2.469100E+002  3.480291E-006  1.709732E-005  4.914136E-005  9.600640E-016  2.372217E-010  5.217944E-011  6.971925E-005
  2.626800E+002  3.209456E-006  1.584203E-005  4.169030E-005  7.512252E-016  1.730879E-010  3.980787E-011  6.074199E-005
  2.794500E+002  2.955576E-006  1.478802E-005  3.615008E-005  5.879532E-016  1.391685E-010  3.162971E-011  5.389385E-005
  2.972900E+002  2.725956E-006  1.381396E-005  3.098870E-005  4.600840E-016  1.138174E-010  2.427237E-011  4.752876E-005
  3.162700E+002  2.511318E-006  1.282483E-005  2.697775E-005  3.600509E-016  8.694726E-011  1.915969E-011  4.231400E-005
  3.364700E+002  2.316036E-006  1.187863E-005  2.338796E-005  2.817054E-016  6.448857E-011  1.479543E-011  3.758271E-005
  3.579500E+002  2.135252E-006  1.114177E-005  2.048617E-005  2.204332E-016  5.388044E-011  1.160619E-011  3.376326E-005
  3.808100E+002  1.969218E-006  1.035754E-005  1.779750E-005  1.724649E-016  4.259011E-011  9.027751E-012  3.012431E-005
  4.051200E+002  1.816761E-006  9.583825E-006  1.530579E-005  1.349385E-016  3.064237E-011  7.034894E-012  2.670641E-005
  4.309900E+002  1.675339E-006  8.970331E-006  1.316738E-005  1.055725E-016  2.521384E-011  5.509884E-012  2.381308E-005
  4.585100E+002  1.546128E-006  8.370447E-006  1.121164E-005  8.258989E-017  2.049140E-011  4.257718E-012  2.112824E-005
  4.877900E+002  1.425400E-006  7.770837E-006  9.643964E-006  6.461407E-017  1.549122E-011  3.357613E-012  1.884022E-005
  5.189300E+002  1.315693E-006  7.207414E-006  8.182874E-006  5.054756E-017  1.169322E-011  2.573842E-012  1.670600E-005
  5.520700E+002  1.215656E-006  6.760225E-006  7.069932E-006  3.954365E-017  9.723174E-012  2.045029E-012  1.504582E-005
  5.873200E+002  1.123286E-006  6.284549E-006  5.989726E-006  3.093054E-017  7.627484E-012  1.554025E-012  1.339757E-005
  6.248200E+002  1.037982E-006  5.806553E-006  5.191818E-006  2.419568E-017  5.405738E-012  1.244577E-012  1.203636E-005
  6.647100E+002  9.592035E-007  5.450283E-006  4.380380E-006  1.892492E-017  4.561226E-012  9.377827E-013  1.078987E-005
  7.071600E+002  8.864233E-007  5.080852E-006  3.828503E-006  1.480114E-017  3.682798E-012  7.568313E-013  9.795782E-006
  7.523100E+002  8.192075E-007  4.715503E-006  3.266228E-006  1.157755E-017  2.753653E-012  5.733374E-013  8.800942E-006
  8.003500E+002  7.571086E-007  4.383149E-006  2.893860E-006  9.056656E-018  2.118716E-012  4.601789E-013  8.034120E-006
  8.514500E+002  6.997570E-007  4.105714E-006  2.518133E-006  7.084647E-018  1.753236E-012  3.506509E-013  7.323606E-006
  9.058200E+002  6.467604E-007  3.815877E-006  2.204083E-006  5.540649E-018  1.364983E-012  2.797685E-013  6.666722E-006
  9.636600E+002  5.978067E-007  3.527873E-006  1.903088E-006  4.333391E-018  9.796770E-013  2.144156E-013  6.028769E-006
  1.025200E+003  5.525692E-007  3.314331E-006  1.665577E-006  3.388203E-018  8.252239E-013  1.699940E-013  5.532478E-006
  1.090600E+003  5.108120E-007  3.088723E-006  1.445772E-006  2.650054E-018  6.611328E-013  1.310944E-013  5.045308E-006
  1.160300E+003  4.721650E-007  2.868819E-006  1.264809E-006  2.071601E-018  4.874095E-013  1.032224E-013  4.605793E-006
  1.234400E+003  4.364810E-007  2.676575E-006  1.102749E-006  1.619800E-018  3.820392E-013  8.008446E-014  4.215806E-006
  1.313200E+003  4.035207E-007  2.506943E-006  9.638367E-007  1.266605E-018  3.139248E-013  6.263396E-014  3.874301E-006
  1.397000E+003  3.730661E-007  2.332684E-006  8.435954E-007  9.905111E-019  2.417064E-013  4.892717E-014  3.549346E-006
  1.486200E+003  3.449097E-007  2.161602E-006  7.362847E-007  7.744820E-019  1.755288E-013  3.798468E-014  3.242797E-006
  1.581100E+003  3.188876E-007  2.031084E-006  6.466302E-007  6.055494E-019  1.472251E-013  2.987619E-014  2.996602E-006
  1.682100E+003  2.948255E-007  1.892133E-006  5.634817E-007  4.734283E-019  1.171018E-013  2.301298E-014  2.750441E-006
  1.789500E+003  2.725997E-007  1.755841E-006  4.967941E-007  3.701589E-019  8.525132E-014  1.823714E-014  2.525235E-006
  1.903800E+003  2.520506E-007  1.642338E-006  4.325415E-007  2.894088E-019  6.831992E-014  1.393475E-014  2.326930E-006
  2.025300E+003  2.330704E-007  1.536651E-006  3.829715E-007  2.262943E-019  5.581739E-014  1.112954E-014  2.152693E-006
  2.154600E+003  2.155201E-007  1.429763E-006  3.332309E-007  1.769425E-019  4.256795E-014  8.428850E-015  1.978514E-006
  2.292200E+003  1.992912E-007  1.326616E-006  2.963438E-007  1.383315E-019  3.144266E-014  6.785449E-015  1.822251E-006
  2.438600E+003  1.842893E-007  1.246606E-006  2.584738E-007  1.081488E-019  2.625208E-014  5.133342E-015  1.689369E-006
  2.594300E+003  1.704254E-007  1.161516E-006  2.301952E-007  8.455472E-020  2.073203E-014  4.133738E-015  1.562137E-006
  2.759900E+003  1.576115E-007  1.076479E-006  2.015499E-007  6.611259E-020  1.488579E-014  3.144026E-015  1.435640E-006
  2.936200E+003  1.457566E-007  1.009509E-006  1.793579E-007  5.168288E-020  1.221506E-014  2.516694E-015  1.334624E-006
  3.123600E+003  1.348055E-007  9.436216E-007  1.575899E-007  4.041031E-020  9.919086E-015  1.924842E-015  1.236017E-006
  3.323100E+003  1.246740E-007  8.778943E-007  1.401646E-007  3.159197E-020  7.488183E-015  1.531328E-015  1.142733E-006
  3.535300E+003  1.153080E-007  8.160935E-007  1.235986E-007  2.469748E-020  5.632789E-015  1.177917E-015  1.055000E-006
  3.761000E+003  1.066508E-007  7.666569E-007  1.098874E-007  1.930983E-020  4.680365E-015  9.311549E-016  9.831951E-007
  4.001200E+003  9.864325E-008  7.144092E-007  9.725856E-008  1.509470E-020  3.667759E-015  7.206322E-016  9.103110E-007
  4.256600E+003  9.124233E-008  6.613195E-007  8.643453E-008  1.180215E-020  2.594082E-015  5.658263E-016  8.389963E-007
  4.528400E+003  8.439615E-008  6.218648E-007  7.679319E-008  9.226172E-021  2.183728E-015  4.407503E-016  7.830541E-007
  4.817600E+003  7.806485E-008  5.807603E-007  6.823507E-008  7.212533E-021  1.761752E-015  3.435519E-016  7.270602E-007
  5.125200E+003  7.221116E-008  5.403234E-007  6.085041E-008  5.638456E-021  1.315809E-015  2.694221E-016  6.733849E-007
  5.452400E+003  6.679837E-008  5.036337E-007  5.404372E-008  4.408085E-021  1.009313E-015  2.084100E-016  6.244758E-007
  5.800600E+003  6.179165E-008  4.726977E-007  4.837333E-008  3.445846E-021  8.341996E-016  1.645885E-016  5.828627E-007
  6.171000E+003  5.716178E-008  4.405749E-007  4.295871E-008  2.693700E-021  6.483990E-016  1.262808E-016  5.406954E-007
  6.565000E+003  5.288045E-008  4.082439E-007  3.858589E-008  2.105840E-021  4.631691E-016  1.004829E-016  4.997103E-007
  6.984200E+003  4.892039E-008  3.841780E-007  3.424926E-008  1.646138E-021  3.903013E-016  7.643761E-017  4.673476E-007
  7.430100E+003  4.525819E-008  3.585765E-007  3.087460E-008  1.286903E-021  3.128052E-016  6.130706E-017  4.347093E-007
  7.904600E+003  4.186979E-008  3.335971E-007  2.741280E-008  1.005915E-021  2.309130E-016  4.628133E-017  4.028797E-007
  8.409300E+003  3.873675E-008  3.118154E-007  2.479018E-008  7.863686E-022  1.808323E-016  3.737759E-017  3.753423E-007
  8.946200E+003  3.583911E-008  2.924506E-007  2.208678E-008  6.146938E-022  1.486420E-016  2.836292E-017  3.503765E-007
  9.517400E+003  3.315836E-008  2.726696E-007  1.996611E-008  4.805203E-022  1.145301E-016  2.277437E-017  3.257941E-007
  1.012500E+004  3.067943E-008  2.549742E-007  1.792319E-008  3.756292E-022  9.115184E-017  1.777786E-017  3.035768E-007
  1.077200E+004  2.838404E-008  2.384216E-007  1.609011E-008  2.935684E-022  7.252902E-017  1.387415E-017  2.828957E-007
  1.145900E+004  2.626493E-008  2.229723E-007  1.444991E-008  2.295405E-022  5.773483E-017  1.083275E-017  2.636871E-007
  1.219100E+004  2.430141E-008  2.085001E-007  1.297689E-008  1.794041E-022  4.594199E-017  8.454731E-018  2.457784E-007
  1.297000E+004  2.248446E-008  1.949632E-007  1.165540E-008  1.402100E-022  3.655634E-017  6.598308E-018  2.291030E-007
  1.379800E+004  2.080523E-008  1.823232E-007  1.047125E-008  1.095991E-022  2.909406E-017  5.150667E-018  2.135997E-007
  1.467900E+004  1.925164E-008  1.704958E-007  9.408761E-009  8.567153E-023  2.315416E-017  4.020462E-018  1.991562E-007
  1.561600E+004  1.781464E-008  1.594415E-007  8.455653E-009  6.696698E-023  1.842805E-017  3.138433E-018  1.857118E-007
  1.661300E+004  1.648478E-008  1.491005E-007  7.600139E-009  5.234658E-023  1.466602E-017  2.449854E-018  1.731854E-007
  1.767400E+004  1.525445E-008  1.394300E-007  6.831929E-009  4.091270E-023  1.167119E-017  1.912161E-018  1.615164E-007
  1.880200E+004  1.411662E-008  1.303922E-007  6.142868E-009  3.198254E-023  9.289247E-018  1.492739E-018  1.506517E-007
  2.000300E+004  1.306312E-008  1.219335E-007  5.523588E-009  2.499550E-023  7.392230E-018  1.165071E-018  1.405202E-007
  2.128000E+004  1.208880E-008  1.140282E-007  4.967837E-009  1.953762E-023  5.883282E-018  9.094619E-019  1.310848E-007
  2.263900E+004  1.118717E-008  1.066338E-007  4.468579E-009  1.527013E-023  4.681873E-018  7.098638E-019  1.222895E-007
  2.408400E+004  1.035339E-008  9.972284E-008  4.020231E-009  1.193602E-023  3.726230E-018  5.541399E-019  1.140965E-007
  2.562200E+004  9.581518E-009  9.325682E-008  3.617251E-009  9.329066E-024  2.965471E-018  4.325333E-019  1.064556E-007
  2.725800E+004  8.867312E-009  8.721128E-008  3.255229E-009  7.291303E-024  2.360059E-018  3.376209E-019  9.933383E-008
  2.899900E+004  8.206380E-009  8.155596E-008  2.929730E-009  5.698605E-024  1.878110E-018  2.635123E-019  9.269207E-008
  3.085000E+004  7.595169E-009  7.627116E-008  2.637358E-009  4.454069E-024  1.494784E-018  2.057075E-019  8.650369E-008
  3.282000E+004  7.029316E-009  7.132672E-008  2.374396E-009  3.481206E-024  1.189600E-018  1.605645E-019  8.073044E-008
  3.491600E+004  6.505697E-009  6.670294E-008  2.137954E-009  2.720566E-024  9.466865E-019  1.253267E-019  7.534659E-008
  3.714500E+004  6.021316E-009  6.238136E-008  1.925392E-009  2.126407E-024  7.534402E-019  9.782931E-020  7.032807E-008
  3.951700E+004  5.572943E-009  5.833758E-008  1.734171E-009  1.661880E-024  5.996307E-019  7.636155E-020  6.564470E-008
  4.204000E+004  5.158146E-009  5.455716E-008  1.562181E-009  1.298878E-024  4.772205E-019  5.960710E-020  6.127749E-008
  4.472500E+004  4.774134E-009  5.102107E-008  1.407397E-009  1.015027E-024  3.797577E-019  4.652399E-020  5.720260E-008
  4.758000E+004  4.418952E-009  4.771619E-008  1.268191E-009  7.933592E-025  3.022523E-019  3.631728E-020  5.340333E-008
  5.061800E+004  4.090155E-009  4.462426E-008  1.142886E-009  6.200364E-025  2.405492E-019  2.834816E-020  4.985731E-008
  5.385000E+004  3.785863E-009  4.173289E-008  1.030095E-009  4.845539E-025  1.914424E-019  2.212784E-020  4.654885E-008
  5.728900E+004  3.504235E-009  3.902923E-008  9.285423E-010  3.786953E-025  1.523535E-019  1.727166E-020  4.346201E-008
  6.094700E+004  3.243609E-009  3.650076E-008  8.371266E-010  2.959434E-025  1.212489E-019  1.348167E-020  4.058150E-008
  6.483800E+004  3.002469E-009  3.413651E-008  7.548283E-010  2.313073E-025  9.649872E-020  1.052376E-020  3.789380E-008
  6.897800E+004  2.779239E-009  3.192514E-008  6.806909E-010  1.807590E-025  7.679904E-020  8.214358E-021  3.538507E-008
  7.338300E+004  2.572624E-009  2.985675E-008  6.139071E-010  1.412525E-025  6.111888E-020  6.411709E-021  3.304328E-008
  7.806800E+004  2.381431E-009  2.792381E-008  5.537712E-010  1.104076E-025  4.864272E-020  5.004907E-021  3.085901E-008
  8.305300E+004  2.204454E-009  2.611480E-008  4.995688E-010  8.626183E-026  3.871184E-020  3.906598E-021  2.881882E-008
  8.835600E+004  2.040645E-009  2.442345E-008  4.507307E-010  6.741625E-026  3.080968E-020  3.049402E-021  2.691483E-008
  9.399800E+004  1.889032E-009  2.284172E-008  4.067192E-010  5.268435E-026  2.451985E-020  2.380223E-021  2.513747E-008
  1.000000E+005  1.748701E-009  2.136243E-008  3.670545E-010  4.117963E-026  1.951401E-020  1.857924E-021  2.347819E-008
